 year doy hour T1
 2021 1 0 14.1
 2021 1 2 27.8
 2021 1 4 36.1
 2021 1 6 37.4
 2021 1 8 29.2
 2021 1 10 15.9
 2021 1 12 12.4
 2021 1 14 7.8
 2021 1 16 6.7
 2021 1 18 6.9
 2021 1 20 4.9
 2021 1 22 4.7
 2021 2 0 12.2
 2021 2 2 23.9
 2021 2 4 29.6
 2021 2 6 29.1
 2021 2 8 21.3
 2021 2 10 11.9
 2021 2 12 8.7
 2021 2 14 6.6
 2021 2 16 6.4
 2021 2 18 5.5
 2021 2 20 5.3
 2021 2 22 5.3
 2021 3 0 13.1
 2021 3 2 22.5
 2021 3 4 30.4
 2021 3 6 24.2
 2021 3 8 16.2
 2021 3 10 11.7
 2021 3 12 10.1
 2021 3 14 8.0
 2021 3 16 5.6
 2021 3 18 5.0
 2021 3 20 4.6
 2021 3 22 4.7
 2021 4 0 12.9
 2021 4 2 26.0
 2021 4 4 28.6
 2021 4 6 25.7
 2021 4 8 16.0
 2021 4 10 10.8
 2021 4 12 9.3
 2021 4 14 6.5
 2021 4 16 5.5
 2021 4 18 5.5
 2021 4 20 4.2
 2021 4 22 3.9
 2021 5 0 11.2
 2021 5 2 20.4
 2021 5 4 26.4
 2021 5 6 23.0
 2021 5 8 13.9
 2021 5 10 11.0
 2021 5 12 9.1
 2021 5 14 6.6
 2021 5 16 6.1
 2021 5 18 6.1
 2021 5 20 4.0
 2021 5 22 3.3
 2021 6 0 13.5
 2021 6 2 22.6
 2021 6 4 25.5
 2021 6 6 24.4
 2021 6 8 17.6
 2021 6 10 13.5
 2021 6 12 9.7
 2021 6 14 6.6
 2021 6 16 5.4
 2021 6 18 5.3
 2021 6 20 3.8
 2021 6 22 4.0
 2021 7 0 12.4
 2021 7 2 22.2
 2021 7 4 28.3
 2021 7 6 28.4
 2021 7 8 20.0
 2021 7 10 12.2
 2021 7 12 11.5
 2021 7 14 7.4
 2021 7 16 4.8
 2021 7 18 4.6
 2021 7 20 4.4
 2021 7 22 4.6
 2021 8 0 9.9
 2021 8 2 17.1
 2021 8 4 28.5
 2021 8 6 30.1
 2021 8 8 23.6
 2021 8 10 12.6
 2021 8 12 8.8
 2021 8 14 5.9
 2021 8 16 4.9
 2021 8 18 5.6
 2021 8 20 4.8
 2021 8 22 4.4
 2021 9 0 10.8
 2021 9 2 14.5
 2021 9 4 24.2
 2021 9 6 25.5
 2021 9 8 21.0
 2021 9 10 13.1
 2021 9 12 11.0
 2021 9 14 7.1
 2021 9 16 5.7
 2021 9 18 4.9
 2021 9 20 4.1
 2021 9 22 3.8
 2021 10 0 10.7
 2021 10 2 14.8
 2021 10 4 23.0
 2021 10 6 27.4
 2021 10 8 21.8
 2021 10 10 13.1
 2021 10 12 9.0
 2021 10 14 6.5
 2021 10 16 6.0
 2021 10 18 5.9
 2021 10 20 5.0
 2021 10 22 4.0
 2021 11 0 9.3
 2021 11 2 15.2
 2021 11 4 24.5
 2021 11 6 28.7
 2021 11 8 26.2
 2021 11 10 16.3
 2021 11 12 13.1
 2021 11 14 7.3
 2021 11 16 6.2
 2021 11 18 6.7
 2021 11 20 4.9
 2021 11 22 5.1
 2021 12 0 13.5
 2021 12 2 19.2
 2021 12 4 26.0
 2021 12 6 26.7
 2021 12 8 23.4
 2021 12 10 16.6
 2021 12 12 13.3
 2021 12 14 8.4
 2021 12 16 6.4
 2021 12 18 6.3
 2021 12 20 5.0
 2021 12 22 5.0
 2021 13 0 11.4
 2021 13 2 15.9
 2021 13 4 22.6
 2021 13 6 24.3
 2021 13 8 18.8
 2021 13 10 11.8
 2021 13 12 10.4
 2021 13 14 7.0
 2021 13 16 5.9
 2021 13 18 5.9
 2021 13 20 4.6
 2021 13 22 4.4
 2021 14 0 10.9
 2021 14 2 18.8
 2021 14 4 25.3
 2021 14 6 25.6
 2021 14 8 21.0
 2021 14 10 13.4
 2021 14 12 10.3
 2021 14 14 6.7
 2021 14 16 5.7
 2021 14 18 4.9
 2021 14 20 4.1
 2021 14 22 3.7
 2021 15 0 11.1
 2021 15 2 16.0
 2021 15 4 22.1
 2021 15 6 21.9
 2021 15 8 19.1
 2021 15 10 11.0
 2021 15 12 7.2
 2021 15 14 6.1
 2021 15 16 4.9
 2021 15 18 4.0
 2021 15 20 3.5
 2021 15 22 3.4
 2021 16 0 9.5
 2021 16 2 16.8
 2021 16 4 25.1
 2021 16 6 27.7
 2021 16 8 23.1
 2021 16 10 12.0
 2021 16 12 8.9
 2021 16 14 7.0
 2021 16 16 6.2
 2021 16 18 5.5
 2021 16 20 4.7
 2021 16 22 3.9
 2021 17 0 9.7
 2021 17 2 15.7
 2021 17 4 26.2
 2021 17 6 28.2
 2021 17 8 22.2
 2021 17 10 12.7
 2021 17 12 8.9
 2021 17 14 7.3
 2021 17 16 6.1
 2021 17 18 5.5
 2021 17 20 4.2
 2021 17 22 3.8
 2021 18 0 11.1
 2021 18 2 18.5
 2021 18 4 27.0
 2021 18 6 27.4
 2021 18 8 19.0
 2021 18 10 12.4
 2021 18 12 8.6
 2021 18 14 7.1
 2021 18 16 6.5
 2021 18 18 5.1
 2021 18 20 4.1
 2021 18 22 3.8
 2021 19 0 10.5
 2021 19 2 17.7
 2021 19 4 26.5
 2021 19 6 28.4
 2021 19 8 25.6
 2021 19 10 18.7
 2021 19 12 11.7
 2021 19 14 8.0
 2021 19 16 6.8
 2021 19 18 5.2
 2021 19 20 4.3
 2021 19 22 3.9
 2021 20 0 9.3
 2021 20 2 16.3
 2021 20 4 26.9
 2021 20 6 25.6
 2021 20 8 22.7
 2021 20 10 14.2
 2021 20 12 10.3
 2021 20 14 7.0
 2021 20 16 5.9
 2021 20 18 5.6
 2021 20 20 5.2
 2021 20 22 4.5
 2021 21 0 12.0
 2021 21 2 18.8
 2021 21 4 27.2
 2021 21 6 32.6
 2021 21 8 27.7
 2021 21 10 17.4
 2021 21 12 10.8
 2021 21 14 7.8
 2021 21 16 6.2
 2021 21 18 4.7
 2021 21 20 3.8
 2021 21 22 3.6
 2021 22 0 9.3
 2021 22 2 13.9
 2021 22 4 22.4
 2021 22 6 25.4
 2021 22 8 20.7
 2021 22 10 13.5
 2021 22 12 9.8
 2021 22 14 7.2
 2021 22 16 5.5
 2021 22 18 5.1
 2021 22 20 4.9
 2021 22 22 4.7
 2021 23 0 12.2
 2021 23 2 20.3
 2021 23 4 26.8
 2021 23 6 24.1
 2021 23 8 19.0
 2021 23 10 13.2
 2021 23 12 9.1
 2021 23 14 7.1
 2021 23 16 5.5
 2021 23 18 5.5
 2021 23 20 4.5
 2021 23 22 4.2
 2021 24 0 10.9
 2021 24 2 17.2
 2021 24 4 26.1
 2021 24 6 31.6
 2021 24 8 29.2
 2021 24 10 20.5
 2021 24 12 15.4
 2021 24 14 11.9
 2021 24 16 9.3
 2021 24 18 7.0
 2021 24 20 5.7
 2021 24 22 5.0
 2021 25 0 13.2
 2021 25 2 19.6
 2021 25 4 24.3
 2021 25 6 25.7
 2021 25 8 22.8
 2021 25 10 21.5
 2021 25 12 14.5
 2021 25 14 9.7
 2021 25 16 7.4
 2021 25 18 6.7
 2021 25 20 4.6
 2021 25 22 4.3
 2021 26 0 12.5
 2021 26 2 17.6
 2021 26 4 27.2
 2021 26 6 34.5
 2021 26 8 30.4
 2021 26 10 21.7
 2021 26 12 14.3
 2021 26 14 9.4
 2021 26 16 6.8
 2021 26 18 5.9
 2021 26 20 5.1
 2021 26 22 5.1
 2021 27 0 12.7
 2021 27 2 20.8
 2021 27 4 24.0
 2021 27 6 27.5
 2021 27 8 24.4
 2021 27 10 22.5
 2021 27 12 16.1
 2021 27 14 10.7
 2021 27 16 7.5
 2021 27 18 6.7
 2021 27 20 5.2
 2021 27 22 4.7
 2021 28 0 12.2
 2021 28 2 17.2
 2021 28 4 18.7
 2021 28 6 23.4
 2021 28 8 23.1
 2021 28 10 21.8
 2021 28 12 14.1
 2021 28 14 10.6
 2021 28 16 8.3
 2021 28 18 6.6
 2021 28 20 5.6
 2021 28 22 4.8
 2021 29 0 11.8
 2021 29 2 20.3
 2021 29 4 24.1
 2021 29 6 26.7
 2021 29 8 20.6
 2021 29 10 15.8
 2021 29 12 12.3
 2021 29 14 9.0
 2021 29 16 6.8
 2021 29 18 5.8
 2021 29 20 4.8
 2021 29 22 4.4
 2021 30 0 11.0
 2021 30 2 17.8
 2021 30 4 23.3
 2021 30 6 22.2
 2021 30 8 15.6
 2021 30 10 14.0
 2021 30 12 10.8
 2021 30 14 7.1
 2021 30 16 5.9
 2021 30 18 5.9
 2021 30 20 4.8
 2021 30 22 4.7
 2021 31 0 12.5
 2021 31 2 23.5
 2021 31 4 33.4
 2021 31 6 32.9
 2021 31 8 24.7
 2021 31 10 17.0
 2021 31 12 10.5
 2021 31 14 8.7
 2021 31 16 6.6
 2021 31 18 6.3
 2021 31 20 4.4
 2021 31 22 4.1
 2021 32 0 10.1
 2021 32 2 15.4
 2021 32 4 21.0
 2021 32 6 24.2
 2021 32 8 19.7
 2021 32 10 12.1
 2021 32 12 8.0
 2021 32 14 7.3
 2021 32 16 6.4
 2021 32 18 5.6
 2021 32 20 4.8
 2021 32 22 4.3
 2021 33 0 12.7
 2021 33 2 19.9
 2021 33 4 30.0
 2021 33 6 31.3
 2021 33 8 22.4
 2021 33 10 17.0
 2021 33 12 11.4
 2021 33 14 8.7
 2021 33 16 8.0
 2021 33 18 6.4
 2021 33 20 4.4
 2021 33 22 4.1
 2021 34 0 12.8
 2021 34 2 23.8
 2021 34 4 32.0
 2021 34 6 29.1
 2021 34 8 22.2
 2021 34 10 17.8
 2021 34 12 9.7
 2021 34 14 7.0
 2021 34 16 6.4
 2021 34 18 6.0
 2021 34 20 5.3
 2021 34 22 4.7
 2021 35 0 10.1
 2021 35 2 17.5
 2021 35 4 29.1
 2021 35 6 28.8
 2021 35 8 22.4
 2021 35 10 15.6
 2021 35 12 11.4
 2021 35 14 9.7
 2021 35 16 7.0
 2021 35 18 5.4
 2021 35 20 4.2
 2021 35 22 3.5
 2021 36 0 9.2
 2021 36 2 15.3
 2021 36 4 22.4
 2021 36 6 28.5
 2021 36 8 26.0
 2021 36 10 19.7
 2021 36 12 10.0
 2021 36 14 7.7
 2021 36 16 6.4
 2021 36 18 5.7
 2021 36 20 4.7
 2021 36 22 4.5
 2021 37 0 10.5
 2021 37 2 16.6
 2021 37 4 23.8
 2021 37 6 27.4
 2021 37 8 21.6
 2021 37 10 15.8
 2021 37 12 12.1
 2021 37 14 8.8
 2021 37 16 6.4
 2021 37 18 5.9
 2021 37 20 5.5
 2021 37 22 4.6
 2021 38 0 10.6
 2021 38 2 21.4
 2021 38 4 30.9
 2021 38 6 33.1
 2021 38 8 26.1
 2021 38 10 21.3
 2021 38 12 17.3
 2021 38 14 9.7
 2021 38 16 7.0
 2021 38 18 5.7
 2021 38 20 5.1
 2021 38 22 4.4
 2021 39 0 11.8
 2021 39 2 20.2
 2021 39 4 27.3
 2021 39 6 27.1
 2021 39 8 23.0
 2021 39 10 19.2
 2021 39 12 11.5
 2021 39 14 8.4
 2021 39 16 6.6
 2021 39 18 5.8
 2021 39 20 5.0
 2021 39 22 4.7
 2021 40 0 11.3
 2021 40 2 14.6
 2021 40 4 20.9
 2021 40 6 27.9
 2021 40 8 25.0
 2021 40 10 19.9
 2021 40 12 10.7
 2021 40 14 8.3
 2021 40 16 6.7
 2021 40 18 6.0
 2021 40 20 5.1
 2021 40 22 4.4
 2021 41 0 10.3
 2021 41 2 18.0
 2021 41 4 27.1
 2021 41 6 32.0
 2021 41 8 29.8
 2021 41 10 20.4
 2021 41 12 14.8
 2021 41 14 11.2
 2021 41 16 7.8
 2021 41 18 6.3
 2021 41 20 5.1
 2021 41 22 4.4
 2021 42 0 10.6
 2021 42 2 20.1
 2021 42 4 29.4
 2021 42 6 33.7
 2021 42 8 29.0
 2021 42 10 18.6
 2021 42 12 12.0
 2021 42 14 9.1
 2021 42 16 7.6
 2021 42 18 6.2
 2021 42 20 4.7
 2021 42 22 3.5
 2021 43 0 10.1
 2021 43 2 19.4
 2021 43 4 30.9
 2021 43 6 33.0
 2021 43 8 22.6
 2021 43 10 13.0
 2021 43 12 9.8
 2021 43 14 8.0
 2021 43 16 7.0
 2021 43 18 6.3
 2021 43 20 5.1
 2021 43 22 4.9
 2021 44 0 10.9
 2021 44 2 21.8
 2021 44 4 30.1
 2021 44 6 34.8
 2021 44 8 26.0
 2021 44 10 18.1
 2021 44 12 14.4
 2021 44 14 10.6
 2021 44 16 7.8
 2021 44 18 6.5
 2021 44 20 5.3
 2021 44 22 4.6
 2021 45 0 11.8
 2021 45 2 22.3
 2021 45 4 30.7
 2021 45 6 36.3
 2021 45 8 28.1
 2021 45 10 16.7
 2021 45 12 10.1
 2021 45 14 7.8
 2021 45 16 6.8
 2021 45 18 6.3
 2021 45 20 4.8
 2021 45 22 4.1
 2021 46 0 9.3
 2021 46 2 15.3
 2021 46 4 26.8
 2021 46 6 32.9
 2021 46 8 29.3
 2021 46 10 17.2
 2021 46 12 9.4
 2021 46 14 6.9
 2021 46 16 6.4
 2021 46 18 6.0
 2021 46 20 4.7
 2021 46 22 4.4
 2021 47 0 9.9
 2021 47 2 20.7
 2021 47 4 34.6
 2021 47 6 39.3
 2021 47 8 37.5
 2021 47 10 20.1
 2021 47 12 11.2
 2021 47 14 7.8
 2021 47 16 7.1
 2021 47 18 6.7
 2021 47 20 5.4
 2021 47 22 4.8
 2021 48 0 11.5
 2021 48 2 19.0
 2021 48 4 29.9
 2021 48 6 33.6
 2021 48 8 28.9
 2021 48 10 17.0
 2021 48 12 9.4
 2021 48 14 7.4
 2021 48 16 6.7
 2021 48 18 6.2
 2021 48 20 4.8
 2021 48 22 4.5
 2021 49 0 12.1
 2021 49 2 17.9
 2021 49 4 27.6
 2021 49 6 33.1
 2021 49 8 28.3
 2021 49 10 19.6
 2021 49 12 12.2
 2021 49 14 8.9
 2021 49 16 6.9
 2021 49 18 6.3
 2021 49 20 4.8
 2021 49 22 4.2
 2021 50 0 12.3
 2021 50 2 19.9
 2021 50 4 31.2
 2021 50 6 33.1
 2021 50 8 26.5
 2021 50 10 18.4
 2021 50 12 14.3
 2021 50 14 9.7
 2021 50 16 9.3
 2021 50 18 8.2
 2021 50 20 6.0
 2021 50 22 5.9
 2021 51 0 12.5
 2021 51 2 24.0
 2021 51 4 36.9
 2021 51 6 42.4
 2021 51 8 27.8
 2021 51 10 15.3
 2021 51 12 10.0
 2021 51 14 7.9
 2021 51 16 7.6
 2021 51 18 7.5
 2021 51 20 5.3
 2021 51 22 4.9
 2021 52 0 14.0
 2021 52 2 21.0
 2021 52 4 32.7
 2021 52 6 34.6
 2021 52 8 31.3
 2021 52 10 24.6
 2021 52 12 20.8
 2021 52 14 14.5
 2021 52 16 10.5
 2021 52 18 7.3
 2021 52 20 5.0
 2021 52 22 5.0
 2021 53 0 14.3
 2021 53 2 22.9
 2021 53 4 32.2
 2021 53 6 31.4
 2021 53 8 28.1
 2021 53 10 21.9
 2021 53 12 15.3
 2021 53 14 10.8
 2021 53 16 8.5
 2021 53 18 7.0
 2021 53 20 5.0
 2021 53 22 5.0
 2021 54 0 13.9
 2021 54 2 20.4
 2021 54 4 31.2
 2021 54 6 33.0
 2021 54 8 26.3
 2021 54 10 25.4
 2021 54 12 17.0
 2021 54 14 10.0
 2021 54 16 8.4
 2021 54 18 7.5
 2021 54 20 6.1
 2021 54 22 5.2
 2021 55 0 13.7
 2021 55 2 22.6
 2021 55 4 32.0
 2021 55 6 34.9
 2021 55 8 29.8
 2021 55 10 27.4
 2021 55 12 18.5
 2021 55 14 10.2
 2021 55 16 7.9
 2021 55 18 7.1
 2021 55 20 5.8
 2021 55 22 5.3
 2021 56 0 13.0
 2021 56 2 23.8
 2021 56 4 34.2
 2021 56 6 41.7
 2021 56 8 40.8
 2021 56 10 30.5
 2021 56 12 17.1
 2021 56 14 10.7
 2021 56 16 7.8
 2021 56 18 6.6
 2021 56 20 5.9
 2021 56 22 5.0
 2021 57 0 13.4
 2021 57 2 26.0
 2021 57 4 36.4
 2021 57 6 37.5
 2021 57 8 34.9
 2021 57 10 29.6
 2021 57 12 17.7
 2021 57 14 10.2
 2021 57 16 8.0
 2021 57 18 6.3
 2021 57 20 5.1
 2021 57 22 4.4
 2021 58 0 12.0
 2021 58 2 23.1
 2021 58 4 34.5
 2021 58 6 36.4
 2021 58 8 34.5
 2021 58 10 24.7
 2021 58 12 16.6
 2021 58 14 10.5
 2021 58 16 7.6
 2021 58 18 6.8
 2021 58 20 5.1
 2021 58 22 3.7
 2021 59 0 12.1
 2021 59 2 22.5
 2021 59 4 33.2
 2021 59 6 38.7
 2021 59 8 33.7
 2021 59 10 24.9
 2021 59 12 14.6
 2021 59 14 9.7
 2021 59 16 9.1
 2021 59 18 8.1
 2021 59 20 6.1
 2021 59 22 5.4
 2021 60 0 13.3
 2021 60 2 20.5
 2021 60 4 34.4
 2021 60 6 43.6
 2021 60 8 41.8
 2021 60 10 28.0
 2021 60 12 18.7
 2021 60 14 10.7
 2021 60 16 9.5
 2021 60 18 7.6
 2021 60 20 6.1
 2021 60 22 5.7
 2021 61 0 12.8
 2021 61 2 20.6
 2021 61 4 30.7
 2021 61 6 36.4
 2021 61 8 31.6
 2021 61 10 24.1
 2021 61 12 17.1
 2021 61 14 10.2
 2021 61 16 8.9
 2021 61 18 9.0
 2021 61 20 7.0
 2021 61 22 5.1
 2021 62 0 13.3
 2021 62 2 22.1
 2021 62 4 33.0
 2021 62 6 47.6
 2021 62 8 43.5
 2021 62 10 30.3
 2021 62 12 19.7
 2021 62 14 11.4
 2021 62 16 8.8
 2021 62 18 8.8
 2021 62 20 5.6
 2021 62 22 5.0
 2021 63 0 12.2
 2021 63 2 20.1
 2021 63 4 31.7
 2021 63 6 41.8
 2021 63 8 39.4
 2021 63 10 35.9
 2021 63 12 21.1
 2021 63 14 12.0
 2021 63 16 10.3
 2021 63 18 9.5
 2021 63 20 5.9
 2021 63 22 5.1
 2021 64 0 12.9
 2021 64 2 23.9
 2021 64 4 35.3
 2021 64 6 37.9
 2021 64 8 34.8
 2021 64 10 28.2
 2021 64 12 18.5
 2021 64 14 11.6
 2021 64 16 9.4
 2021 64 18 8.0
 2021 64 20 5.5
 2021 64 22 5.4
 2021 65 0 13.1
 2021 65 2 23.5
 2021 65 4 38.0
 2021 65 6 40.0
 2021 65 8 31.4
 2021 65 10 25.5
 2021 65 12 20.1
 2021 65 14 11.7
 2021 65 16 9.4
 2021 65 18 8.2
 2021 65 20 6.7
 2021 65 22 6.3
 2021 66 0 12.9
 2021 66 2 18.8
 2021 66 4 28.4
 2021 66 6 35.7
 2021 66 8 36.1
 2021 66 10 29.6
 2021 66 12 21.1
 2021 66 14 14.4
 2021 66 16 11.6
 2021 66 18 9.6
 2021 66 20 7.9
 2021 66 22 6.6
 2021 67 0 13.2
 2021 67 2 23.2
 2021 67 4 35.0
 2021 67 6 42.2
 2021 67 8 41.0
 2021 67 10 35.2
 2021 67 12 25.7
 2021 67 14 17.9
 2021 67 16 15.4
 2021 67 18 10.6
 2021 67 20 6.3
 2021 67 22 5.8
 2021 68 0 12.2
 2021 68 2 19.1
 2021 68 4 28.7
 2021 68 6 30.9
 2021 68 8 32.5
 2021 68 10 30.7
 2021 68 12 24.8
 2021 68 14 13.9
 2021 68 16 9.4
 2021 68 18 8.3
 2021 68 20 5.1
 2021 68 22 5.3
 2021 69 0 12.7
 2021 69 2 21.7
 2021 69 4 33.0
 2021 69 6 32.1
 2021 69 8 26.6
 2021 69 10 22.1
 2021 69 12 19.0
 2021 69 14 10.6
 2021 69 16 8.1
 2021 69 18 7.6
 2021 69 20 5.2
 2021 69 22 5.0
 2021 70 0 12.6
 2021 70 2 24.4
 2021 70 4 35.4
 2021 70 6 34.3
 2021 70 8 29.6
 2021 70 10 21.9
 2021 70 12 17.3
 2021 70 14 10.6
 2021 70 16 8.7
 2021 70 18 8.3
 2021 70 20 5.7
 2021 70 22 5.3
 2021 71 0 12.8
 2021 71 2 23.6
 2021 71 4 35.7
 2021 71 6 37.9
 2021 71 8 34.3
 2021 71 10 29.2
 2021 71 12 21.2
 2021 71 14 12.6
 2021 71 16 9.9
 2021 71 18 8.5
 2021 71 20 6.0
 2021 71 22 6.7
 2021 72 0 14.8
 2021 72 2 23.7
 2021 72 4 33.3
 2021 72 6 38.2
 2021 72 8 35.0
 2021 72 10 24.9
 2021 72 12 14.5
 2021 72 14 9.1
 2021 72 16 7.8
 2021 72 18 7.2
 2021 72 20 5.9
 2021 72 22 6.8
 2021 73 0 15.2
 2021 73 2 29.3
 2021 73 4 47.5
 2021 73 6 50.0
 2021 73 8 42.6
 2021 73 10 36.5
 2021 73 12 24.0
 2021 73 14 10.7
 2021 73 16 9.2
 2021 73 18 8.5
 2021 73 20 5.4
 2021 73 22 6.0
 2021 74 0 15.8
 2021 74 2 26.5
 2021 74 4 39.6
 2021 74 6 38.4
 2021 74 8 33.0
 2021 74 10 29.0
 2021 74 12 23.2
 2021 74 14 12.9
 2021 74 16 8.6
 2021 74 18 8.0
 2021 74 20 6.1
 2021 74 22 6.1
 2021 75 0 13.4
 2021 75 2 22.4
 2021 75 4 37.2
 2021 75 6 35.7
 2021 75 8 31.8
 2021 75 10 22.1
 2021 75 12 14.8
 2021 75 14 9.1
 2021 75 16 6.9
 2021 75 18 6.9
 2021 75 20 6.1
 2021 75 22 6.1
 2021 76 0 11.7
 2021 76 2 19.2
 2021 76 4 32.2
 2021 76 6 39.7
 2021 76 8 38.2
 2021 76 10 33.3
 2021 76 12 19.8
 2021 76 14 11.9
 2021 76 16 9.2
 2021 76 18 9.1
 2021 76 20 8.0
 2021 76 22 6.8
 2021 77 0 12.0
 2021 77 2 21.6
 2021 77 4 35.9
 2021 77 6 43.1
 2021 77 8 43.0
 2021 77 10 29.4
 2021 77 12 20.6
 2021 77 14 15.6
 2021 77 16 12.5
 2021 77 18 11.2
 2021 77 20 6.2
 2021 77 22 6.1
 2021 78 0 10.7
 2021 78 2 18.8
 2021 78 4 34.1
 2021 78 6 42.0
 2021 78 8 39.4
 2021 78 10 30.7
 2021 78 12 20.2
 2021 78 14 12.3
 2021 78 16 9.5
 2021 78 18 8.5
 2021 78 20 6.7
 2021 78 22 6.6
 2021 79 0 13.8
 2021 79 2 23.9
 2021 79 4 36.9
 2021 79 6 39.5
 2021 79 8 43.9
 2021 79 10 47.9
 2021 79 12 27.0
 2021 79 14 16.6
 2021 79 16 11.0
 2021 79 18 8.5
 2021 79 20 7.1
 2021 79 22 7.0
 2021 80 0 16.5
 2021 80 2 25.0
 2021 80 4 33.9
 2021 80 6 34.8
 2021 80 8 34.1
 2021 80 10 29.0
 2021 80 12 19.4
 2021 80 14 13.5
 2021 80 16 10.9
 2021 80 18 10.7
 2021 80 20 6.7
 2021 80 22 7.3
 2021 81 0 14.9
 2021 81 2 25.1
 2021 81 4 38.8
 2021 81 6 46.6
 2021 81 8 45.5
 2021 81 10 39.2
 2021 81 12 24.1
 2021 81 14 13.0
 2021 81 16 8.8
 2021 81 18 8.7
 2021 81 20 5.6
 2021 81 22 6.5
 2021 82 0 13.5
 2021 82 2 22.7
 2021 82 4 38.6
 2021 82 6 47.3
 2021 82 8 47.2
 2021 82 10 40.5
 2021 82 12 25.2
 2021 82 14 13.8
 2021 82 16 10.1
 2021 82 18 10.5
 2021 82 20 8.1
 2021 82 22 8.2
 2021 83 0 13.5
 2021 83 2 21.2
 2021 83 4 36.4
 2021 83 6 44.6
 2021 83 8 41.6
 2021 83 10 36.7
 2021 83 12 27.0
 2021 83 14 15.4
 2021 83 16 10.9
 2021 83 18 8.7
 2021 83 20 5.4
 2021 83 22 6.7
 2021 84 0 15.3
 2021 84 2 26.6
 2021 84 4 38.2
 2021 84 6 48.7
 2021 84 8 44.1
 2021 84 10 39.3
 2021 84 12 26.6
 2021 84 14 13.7
 2021 84 16 9.4
 2021 84 18 8.9
 2021 84 20 6.6
 2021 84 22 7.9
 2021 85 0 15.1
 2021 85 2 26.3
 2021 85 4 39.6
 2021 85 6 45.5
 2021 85 8 45.9
 2021 85 10 36.3
 2021 85 12 23.2
 2021 85 14 13.2
 2021 85 16 9.4
 2021 85 18 8.6
 2021 85 20 6.7
 2021 85 22 8.1
 2021 86 0 14.3
 2021 86 2 23.8
 2021 86 4 37.6
 2021 86 6 41.9
 2021 86 8 41.0
 2021 86 10 37.5
 2021 86 12 23.0
 2021 86 14 14.0
 2021 86 16 10.2
 2021 86 18 8.8
 2021 86 20 6.0
 2021 86 22 7.7
 2021 87 0 15.7
 2021 87 2 24.0
 2021 87 4 36.7
 2021 87 6 42.0
 2021 87 8 38.6
 2021 87 10 29.8
 2021 87 12 19.4
 2021 87 14 12.7
 2021 87 16 10.0
 2021 87 18 10.1
 2021 87 20 6.5
 2021 87 22 7.8
 2021 88 0 14.4
 2021 88 2 23.8
 2021 88 4 38.8
 2021 88 6 42.0
 2021 88 8 35.0
 2021 88 10 25.0
 2021 88 12 17.0
 2021 88 14 11.9
 2021 88 16 9.8
 2021 88 18 8.6
 2021 88 20 6.6
 2021 88 22 8.9
 2021 89 0 14.4
 2021 89 2 23.6
 2021 89 4 37.4
 2021 89 6 43.6
 2021 89 8 38.2
 2021 89 10 27.6
 2021 89 12 16.7
 2021 89 14 12.5
 2021 89 16 10.4
 2021 89 18 9.3
 2021 89 20 5.8
 2021 89 22 7.6
 2021 90 0 15.3
 2021 90 2 30.4
 2021 90 4 44.5
 2021 90 6 42.4
 2021 90 8 32.0
 2021 90 10 27.2
 2021 90 12 21.2
 2021 90 14 13.8
 2021 90 16 10.3
 2021 90 18 10.4
 2021 90 20 5.7
 2021 90 22 7.0
 2021 91 0 15.4
 2021 91 2 24.6
 2021 91 4 37.5
 2021 91 6 42.3
 2021 91 8 38.7
 2021 91 10 36.3
 2021 91 12 21.8
 2021 91 14 12.0
 2021 91 16 8.9
 2021 91 18 9.2
 2021 91 20 6.1
 2021 91 22 8.0
 2021 92 0 13.5
 2021 92 2 21.8
 2021 92 4 33.5
 2021 92 6 40.4
 2021 92 8 34.9
 2021 92 10 28.4
 2021 92 12 18.5
 2021 92 14 10.3
 2021 92 16 7.2
 2021 92 18 7.1
 2021 92 20 6.3
 2021 92 22 7.3
 2021 93 0 13.3
 2021 93 2 20.1
 2021 93 4 27.5
 2021 93 6 33.3
 2021 93 8 36.6
 2021 93 10 32.4
 2021 93 12 15.6
 2021 93 14 8.8
 2021 93 16 6.7
 2021 93 18 6.4
 2021 93 20 5.8
 2021 93 22 8.1
 2021 94 0 12.5
 2021 94 2 17.7
 2021 94 4 29.1
 2021 94 6 40.8
 2021 94 8 43.1
 2021 94 10 43.1
 2021 94 12 24.1
 2021 94 14 12.2
 2021 94 16 9.8
 2021 94 18 9.3
 2021 94 20 6.6
 2021 94 22 8.2
 2021 95 0 13.2
 2021 95 2 21.3
 2021 95 4 34.6
 2021 95 6 40.3
 2021 95 8 39.2
 2021 95 10 39.1
 2021 95 12 21.8
 2021 95 14 11.4
 2021 95 16 9.3
 2021 95 18 9.1
 2021 95 20 5.7
 2021 95 22 7.5
 2021 96 0 13.0
 2021 96 2 19.3
 2021 96 4 33.4
 2021 96 6 40.0
 2021 96 8 35.7
 2021 96 10 27.5
 2021 96 12 15.9
 2021 96 14 10.1
 2021 96 16 8.3
 2021 96 18 8.7
 2021 96 20 4.6
 2021 96 22 6.6
 2021 97 0 13.8
 2021 97 2 21.9
 2021 97 4 34.8
 2021 97 6 36.7
 2021 97 8 35.1
 2021 97 10 32.1
 2021 97 12 19.9
 2021 97 14 13.3
 2021 97 16 11.3
 2021 97 18 8.9
 2021 97 20 4.7
 2021 97 22 6.3
 2021 98 0 15.4
 2021 98 2 26.1
 2021 98 4 36.5
 2021 98 6 36.4
 2021 98 8 27.7
 2021 98 10 26.1
 2021 98 12 17.8
 2021 98 14 11.0
 2021 98 16 8.7
 2021 98 18 7.9
 2021 98 20 5.4
 2021 98 22 7.2
 2021 99 0 12.3
 2021 99 2 18.2
 2021 99 4 30.0
 2021 99 6 35.9
 2021 99 8 27.0
 2021 99 10 22.8
 2021 99 12 13.1
 2021 99 14 7.9
 2021 99 16 6.8
 2021 99 18 6.3
 2021 99 20 4.8
 2021 99 22 7.0
 2021 100 0 12.4
 2021 100 2 19.9
 2021 100 4 28.4
 2021 100 6 34.9
 2021 100 8 28.8
 2021 100 10 26.9
 2021 100 12 16.2
 2021 100 14 11.1
 2021 100 16 9.4
 2021 100 18 7.2
 2021 100 20 5.1
 2021 100 22 6.8
 2021 101 0 14.1
 2021 101 2 24.2
 2021 101 4 33.2
 2021 101 6 35.4
 2021 101 8 31.8
 2021 101 10 27.5
 2021 101 12 12.2
 2021 101 14 9.1
 2021 101 16 8.0
 2021 101 18 7.6
 2021 101 20 5.8
 2021 101 22 7.5
 2021 102 0 12.9
 2021 102 2 21.0
 2021 102 4 32.3
 2021 102 6 36.4
 2021 102 8 31.7
 2021 102 10 32.7
 2021 102 12 18.6
 2021 102 14 9.8
 2021 102 16 7.5
 2021 102 18 7.1
 2021 102 20 5.9
 2021 102 22 7.9
 2021 103 0 14.2
 2021 103 2 23.4
 2021 103 4 35.3
 2021 103 6 39.9
 2021 103 8 35.9
 2021 103 10 27.1
 2021 103 12 16.9
 2021 103 14 10.7
 2021 103 16 8.2
 2021 103 18 7.6
 2021 103 20 5.4
 2021 103 22 7.8
 2021 104 0 13.5
 2021 104 2 19.6
 2021 104 4 30.6
 2021 104 6 35.3
 2021 104 8 35.9
 2021 104 10 33.6
 2021 104 12 17.7
 2021 104 14 9.4
 2021 104 16 7.5
 2021 104 18 7.3
 2021 104 20 6.8
 2021 104 22 8.8
 2021 105 0 13.4
 2021 105 2 20.9
 2021 105 4 36.0
 2021 105 6 43.4
 2021 105 8 47.0
 2021 105 10 43.8
 2021 105 12 17.5
 2021 105 14 11.4
 2021 105 16 9.0
 2021 105 18 10.3
 2021 105 20 7.1
 2021 105 22 8.1
 2021 106 0 15.7
 2021 106 2 23.4
 2021 106 4 34.6
 2021 106 6 39.4
 2021 106 8 38.9
 2021 106 10 38.4
 2021 106 12 22.8
 2021 106 14 12.6
 2021 106 16 9.1
 2021 106 18 7.3
 2021 106 20 5.8
 2021 106 22 9.6
 2021 107 0 13.5
 2021 107 2 27.8
 2021 107 4 38.6
 2021 107 6 46.9
 2021 107 8 47.2
 2021 107 10 37.5
 2021 107 12 22.9
 2021 107 14 13.8
 2021 107 16 10.6
 2021 107 18 9.7
 2021 107 20 8.5
 2021 107 22 9.3
 2021 108 0 15.9
 2021 108 2 27.0
 2021 108 4 36.9
 2021 108 6 44.0
 2021 108 8 44.9
 2021 108 10 44.4
 2021 108 12 29.0
 2021 108 14 17.3
 2021 108 16 14.5
 2021 108 18 11.5
 2021 108 20 9.2
 2021 108 22 10.6
 2021 109 0 16.1
 2021 109 2 25.4
 2021 109 4 36.0
 2021 109 6 43.0
 2021 109 8 43.7
 2021 109 10 37.2
 2021 109 12 25.0
 2021 109 14 12.8
 2021 109 16 8.1
 2021 109 18 7.6
 2021 109 20 5.6
 2021 109 22 8.9
 2021 110 0 16.8
 2021 110 2 28.6
 2021 110 4 43.7
 2021 110 6 43.8
 2021 110 8 41.1
 2021 110 10 39.7
 2021 110 12 29.3
 2021 110 14 14.8
 2021 110 16 10.8
 2021 110 18 9.5
 2021 110 20 6.3
 2021 110 22 9.7
 2021 111 0 15.9
 2021 111 2 27.0
 2021 111 4 42.6
 2021 111 6 42.8
 2021 111 8 36.9
 2021 111 10 28.1
 2021 111 12 20.3
 2021 111 14 11.5
 2021 111 16 9.9
 2021 111 18 8.9
 2021 111 20 6.1
 2021 111 22 9.2
 2021 112 0 16.1
 2021 112 2 23.2
 2021 112 4 36.2
 2021 112 6 44.2
 2021 112 8 43.4
 2021 112 10 42.0
 2021 112 12 20.4
 2021 112 14 11.9
 2021 112 16 9.8
 2021 112 18 9.1
 2021 112 20 7.1
 2021 112 22 9.9
 2021 113 0 15.2
 2021 113 2 21.3
 2021 113 4 34.4
 2021 113 6 43.5
 2021 113 8 46.1
 2021 113 10 46.3
 2021 113 12 23.9
 2021 113 14 13.3
 2021 113 16 10.2
 2021 113 18 9.1
 2021 113 20 7.5
 2021 113 22 8.9
 2021 114 0 14.7
 2021 114 2 21.5
 2021 114 4 32.5
 2021 114 6 44.3
 2021 114 8 53.1
 2021 114 10 40.9
 2021 114 12 21.1
 2021 114 14 14.2
 2021 114 16 12.6
 2021 114 18 10.6
 2021 114 20 6.8
 2021 114 22 9.7
 2021 115 0 14.9
 2021 115 2 21.4
 2021 115 4 33.2
 2021 115 6 38.4
 2021 115 8 46.0
 2021 115 10 36.6
 2021 115 12 26.0
 2021 115 14 18.9
 2021 115 16 13.2
 2021 115 18 9.8
 2021 115 20 8.1
 2021 115 22 10.6
 2021 116 0 14.9
 2021 116 2 22.9
 2021 116 4 33.8
 2021 116 6 42.5
 2021 116 8 43.7
 2021 116 10 34.3
 2021 116 12 19.4
 2021 116 14 12.7
 2021 116 16 10.1
 2021 116 18 6.2
 2021 116 20 5.2
 2021 116 22 9.1
 2021 117 0 17.5
 2021 117 2 25.6
 2021 117 4 36.5
 2021 117 6 46.3
 2021 117 8 46.6
 2021 117 10 38.5
 2021 117 12 19.4
 2021 117 14 12.5
 2021 117 16 9.3
 2021 117 18 8.2
 2021 117 20 7.1
 2021 117 22 9.7
 2021 118 0 15.8
 2021 118 2 23.7
 2021 118 4 34.3
 2021 118 6 42.2
 2021 118 8 41.7
 2021 118 10 32.3
 2021 118 12 17.3
 2021 118 14 10.1
 2021 118 16 8.1
 2021 118 18 7.3
 2021 118 20 5.8
 2021 118 22 8.6
 2021 119 0 12.7
 2021 119 2 19.9
 2021 119 4 30.3
 2021 119 6 41.3
 2021 119 8 42.5
 2021 119 10 34.7
 2021 119 12 18.6
 2021 119 14 11.2
 2021 119 16 9.1
 2021 119 18 8.6
 2021 119 20 7.3
 2021 119 22 9.0
 2021 120 0 12.5
 2021 120 2 19.5
 2021 120 4 32.4
 2021 120 6 42.9
 2021 120 8 42.6
 2021 120 10 31.6
 2021 120 12 18.2
 2021 120 14 10.2
 2021 120 16 8.8
 2021 120 18 7.7
 2021 120 20 6.4
 2021 120 22 9.6
 2021 121 0 12.0
 2021 121 2 18.1
 2021 121 4 28.5
 2021 121 6 38.1
 2021 121 8 38.1
 2021 121 10 32.3
 2021 121 12 20.3
 2021 121 14 10.8
 2021 121 16 8.4
 2021 121 18 7.8
 2021 121 20 7.0
 2021 121 22 10.0
 2021 122 0 13.7
 2021 122 2 20.6
 2021 122 4 32.9
 2021 122 6 40.9
 2021 122 8 38.1
 2021 122 10 27.5
 2021 122 12 17.2
 2021 122 14 11.1
 2021 122 16 8.9
 2021 122 18 8.2
 2021 122 20 6.4
 2021 122 22 9.3
 2021 123 0 15.1
 2021 123 2 21.5
 2021 123 4 25.1
 2021 123 6 26.3
 2021 123 8 27.3
 2021 123 10 22.6
 2021 123 12 11.8
 2021 123 14 8.5
 2021 123 16 7.7
 2021 123 18 7.0
 2021 123 20 6.7
 2021 123 22 8.9
 2021 124 0 12.7
 2021 124 2 18.7
 2021 124 4 27.1
 2021 124 6 35.2
 2021 124 8 37.3
 2021 124 10 28.7
 2021 124 12 15.5
 2021 124 14 9.7
 2021 124 16 7.6
 2021 124 18 7.1
 2021 124 20 5.8
 2021 124 22 8.7
 2021 125 0 12.3
 2021 125 2 19.4
 2021 125 4 28.5
 2021 125 6 38.7
 2021 125 8 40.4
 2021 125 10 35.4
 2021 125 12 19.4
 2021 125 14 11.7
 2021 125 16 9.1
 2021 125 18 8.5
 2021 125 20 5.9
 2021 125 22 8.0
 2021 126 0 12.2
 2021 126 2 17.6
 2021 126 4 24.2
 2021 126 6 30.5
 2021 126 8 33.5
 2021 126 10 32.3
 2021 126 12 16.7
 2021 126 14 9.8
 2021 126 16 8.2
 2021 126 18 7.3
 2021 126 20 6.0
 2021 126 22 8.5
 2021 127 0 12.3
 2021 127 2 18.6
 2021 127 4 26.5
 2021 127 6 32.6
 2021 127 8 33.4
 2021 127 10 30.5
 2021 127 12 19.8
 2021 127 14 10.7
 2021 127 16 8.7
 2021 127 18 7.6
 2021 127 20 6.4
 2021 127 22 8.6
 2021 128 0 12.6
 2021 128 2 19.1
 2021 128 4 22.7
 2021 128 6 24.7
 2021 128 8 28.1
 2021 128 10 27.4
 2021 128 12 15.7
 2021 128 14 10.0
 2021 128 16 8.2
 2021 128 18 7.4
 2021 128 20 6.5
 2021 128 22 8.8
 2021 129 0 13.5
 2021 129 2 18.4
 2021 129 4 24.9
 2021 129 6 31.1
 2021 129 8 30.4
 2021 129 10 28.2
 2021 129 12 15.5
 2021 129 14 8.7
 2021 129 16 7.5
 2021 129 18 6.9
 2021 129 20 6.2
 2021 129 22 8.9
 2021 130 0 13.7
 2021 130 2 21.0
 2021 130 4 27.5
 2021 130 6 31.8
 2021 130 8 28.0
 2021 130 10 21.7
 2021 130 12 12.4
 2021 130 14 8.8
 2021 130 16 7.8
 2021 130 18 7.1
 2021 130 20 6.3
 2021 130 22 9.3
 2021 131 0 14.4
 2021 131 2 19.8
 2021 131 4 28.2
 2021 131 6 30.5
 2021 131 8 29.1
 2021 131 10 31.8
 2021 131 12 13.0
 2021 131 14 7.8
 2021 131 16 7.6
 2021 131 18 7.3
 2021 131 20 6.9
 2021 131 22 9.3
 2021 132 0 12.7
 2021 132 2 17.6
 2021 132 4 25.4
 2021 132 6 32.8
 2021 132 8 34.7
 2021 132 10 32.9
 2021 132 12 20.7
 2021 132 14 14.4
 2021 132 16 12.7
 2021 132 18 8.8
 2021 132 20 5.7
 2021 132 22 9.8
 2021 133 0 19.0
 2021 133 2 22.8
 2021 133 4 26.4
 2021 133 6 29.8
 2021 133 8 33.3
 2021 133 10 27.6
 2021 133 12 20.7
 2021 133 14 12.1
 2021 133 16 9.8
 2021 133 18 9.5
 2021 133 20 8.4
 2021 133 22 10.6
 2021 134 0 14.1
 2021 134 2 19.6
 2021 134 4 26.9
 2021 134 6 30.8
 2021 134 8 32.6
 2021 134 10 32.2
 2021 134 12 20.5
 2021 134 14 11.8
 2021 134 16 10.4
 2021 134 18 9.2
 2021 134 20 6.6
 2021 134 22 9.9
 2021 135 0 15.3
 2021 135 2 20.0
 2021 135 4 28.8
 2021 135 6 34.7
 2021 135 8 35.0
 2021 135 10 34.3
 2021 135 12 21.8
 2021 135 14 11.3
 2021 135 16 9.6
 2021 135 18 8.8
 2021 135 20 7.1
 2021 135 22 10.2
 2021 136 0 13.8
 2021 136 2 18.4
 2021 136 4 24.7
 2021 136 6 27.9
 2021 136 8 28.2
 2021 136 10 23.8
 2021 136 12 16.6
 2021 136 14 11.0
 2021 136 16 9.0
 2021 136 18 7.4
 2021 136 20 6.7
 2021 136 22 10.7
 2021 137 0 16.7
 2021 137 2 23.7
 2021 137 4 32.0
 2021 137 6 36.5
 2021 137 8 37.1
 2021 137 10 31.6
 2021 137 12 17.4
 2021 137 14 11.2
 2021 137 16 9.6
 2021 137 18 8.4
 2021 137 20 6.9
 2021 137 22 10.9
 2021 138 0 15.9
 2021 138 2 23.4
 2021 138 4 34.5
 2021 138 6 42.8
 2021 138 8 44.6
 2021 138 10 32.6
 2021 138 12 19.0
 2021 138 14 11.9
 2021 138 16 9.9
 2021 138 18 8.6
 2021 138 20 7.0
 2021 138 22 9.7
 2021 139 0 14.8
 2021 139 2 17.4
 2021 139 4 23.2
 2021 139 6 29.8
 2021 139 8 30.1
 2021 139 10 25.8
 2021 139 12 17.0
 2021 139 14 10.0
 2021 139 16 8.9
 2021 139 18 8.2
 2021 139 20 7.0
 2021 139 22 11.4
 2021 140 0 16.7
 2021 140 2 23.2
 2021 140 4 30.0
 2021 140 6 34.7
 2021 140 8 34.8
 2021 140 10 29.3
 2021 140 12 23.7
 2021 140 14 15.0
 2021 140 16 13.0
 2021 140 18 11.6
 2021 140 20 8.9
 2021 140 22 10.0
 2021 141 0 18.0
 2021 141 2 25.7
 2021 141 4 29.7
 2021 141 6 31.2
 2021 141 8 31.3
 2021 141 10 22.4
 2021 141 12 14.1
 2021 141 14 9.7
 2021 141 16 8.4
 2021 141 18 7.5
 2021 141 20 6.2
 2021 141 22 9.4
 2021 142 0 15.2
 2021 142 2 20.4
 2021 142 4 27.1
 2021 142 6 31.5
 2021 142 8 30.8
 2021 142 10 23.6
 2021 142 12 14.8
 2021 142 14 8.7
 2021 142 16 7.3
 2021 142 18 6.7
 2021 142 20 5.7
 2021 142 22 9.6
 2021 143 0 17.0
 2021 143 2 20.3
 2021 143 4 27.3
 2021 143 6 30.4
 2021 143 8 29.2
 2021 143 10 25.1
 2021 143 12 16.1
 2021 143 14 9.3
 2021 143 16 8.2
 2021 143 18 7.3
 2021 143 20 5.7
 2021 143 22 9.2
 2021 144 0 14.2
 2021 144 2 18.5
 2021 144 4 24.4
 2021 144 6 27.5
 2021 144 8 29.6
 2021 144 10 26.0
 2021 144 12 16.1
 2021 144 14 9.6
 2021 144 16 9.2
 2021 144 18 8.2
 2021 144 20 5.8
 2021 144 22 9.3
 2021 145 0 15.6
 2021 145 2 21.8
 2021 145 4 26.2
 2021 145 6 27.8
 2021 145 8 26.4
 2021 145 10 26.0
 2021 145 12 17.2
 2021 145 14 9.0
 2021 145 16 7.8
 2021 145 18 7.3
 2021 145 20 6.0
 2021 145 22 9.7
 2021 146 0 17.4
 2021 146 2 22.1
 2021 146 4 29.6
 2021 146 6 33.2
 2021 146 8 32.3
 2021 146 10 27.6
 2021 146 12 19.3
 2021 146 14 10.5
 2021 146 16 8.4
 2021 146 18 7.9
 2021 146 20 5.7
 2021 146 22 10.3
 2021 147 0 18.2
 2021 147 2 28.0
 2021 147 4 36.2
 2021 147 6 35.8
 2021 147 8 34.4
 2021 147 10 29.1
 2021 147 12 18.8
 2021 147 14 9.8
 2021 147 16 8.3
 2021 147 18 7.8
 2021 147 20 6.5
 2021 147 22 9.4
 2021 148 0 16.8
 2021 148 2 23.4
 2021 148 4 26.8
 2021 148 6 25.7
 2021 148 8 21.5
 2021 148 10 19.6
 2021 148 12 13.9
 2021 148 14 8.4
 2021 148 16 7.3
 2021 148 18 6.6
 2021 148 20 5.8
 2021 148 22 10.2
 2021 149 0 14.9
 2021 149 2 20.7
 2021 149 4 25.0
 2021 149 6 28.9
 2021 149 8 27.9
 2021 149 10 24.2
 2021 149 12 13.4
 2021 149 14 7.9
 2021 149 16 7.2
 2021 149 18 6.7
 2021 149 20 5.7
 2021 149 22 9.9
 2021 150 0 15.2
 2021 150 2 20.1
 2021 150 4 24.5
 2021 150 6 26.5
 2021 150 8 25.8
 2021 150 10 25.6
 2021 150 12 15.5
 2021 150 14 9.0
 2021 150 16 7.4
 2021 150 18 7.0
 2021 150 20 5.6
 2021 150 22 9.5
 2021 151 0 13.6
 2021 151 2 18.2
 2021 151 4 21.4
 2021 151 6 27.0
 2021 151 8 25.3
 2021 151 10 21.8
 2021 151 12 18.4
 2021 151 14 8.5
 2021 151 16 7.0
 2021 151 18 7.1
 2021 151 20 6.0
 2021 151 22 9.6
 2021 152 0 14.3
 2021 152 2 16.6
 2021 152 4 19.4
 2021 152 6 21.3
 2021 152 8 19.6
 2021 152 10 19.9
 2021 152 12 16.8
 2021 152 14 10.5
 2021 152 16 8.7
 2021 152 18 8.2
 2021 152 20 6.5
 2021 152 22 10.0
 2021 153 0 15.5
 2021 153 2 22.1
 2021 153 4 26.4
 2021 153 6 26.6
 2021 153 8 26.3
 2021 153 10 25.3
 2021 153 12 18.6
 2021 153 14 10.6
 2021 153 16 7.6
 2021 153 18 6.8
 2021 153 20 5.7
 2021 153 22 9.2
 2021 154 0 16.8
 2021 154 2 19.1
 2021 154 4 20.9
 2021 154 6 25.3
 2021 154 8 30.1
 2021 154 10 21.9
 2021 154 12 14.5
 2021 154 14 10.7
 2021 154 16 8.6
 2021 154 18 7.8
 2021 154 20 6.1
 2021 154 22 9.7
 2021 155 0 17.0
 2021 155 2 22.3
 2021 155 4 25.8
 2021 155 6 25.0
 2021 155 8 23.9
 2021 155 10 21.5
 2021 155 12 16.1
 2021 155 14 10.0
 2021 155 16 8.5
 2021 155 18 7.8
 2021 155 20 6.3
 2021 155 22 9.7
 2021 156 0 17.4
 2021 156 2 21.8
 2021 156 4 24.2
 2021 156 6 25.4
 2021 156 8 25.5
 2021 156 10 22.2
 2021 156 12 15.5
 2021 156 14 10.5
 2021 156 16 8.5
 2021 156 18 8.0
 2021 156 20 6.6
 2021 156 22 10.1
 2021 157 0 17.3
 2021 157 2 22.5
 2021 157 4 25.2
 2021 157 6 25.1
 2021 157 8 24.3
 2021 157 10 17.7
 2021 157 12 12.3
 2021 157 14 9.4
 2021 157 16 7.7
 2021 157 18 7.0
 2021 157 20 5.7
 2021 157 22 10.0
 2021 158 0 16.2
 2021 158 2 21.5
 2021 158 4 25.9
 2021 158 6 27.3
 2021 158 8 26.4
 2021 158 10 18.3
 2021 158 12 12.4
 2021 158 14 9.7
 2021 158 16 8.4
 2021 158 18 8.2
 2021 158 20 6.7
 2021 158 22 11.1
 2021 159 0 16.2
 2021 159 2 23.3
 2021 159 4 30.5
 2021 159 6 33.5
 2021 159 8 31.7
 2021 159 10 27.0
 2021 159 12 15.2
 2021 159 14 10.3
 2021 159 16 9.1
 2021 159 18 8.2
 2021 159 20 6.9
 2021 159 22 10.0
 2021 160 0 15.8
 2021 160 2 18.5
 2021 160 4 23.7
 2021 160 6 29.3
 2021 160 8 30.5
 2021 160 10 23.7
 2021 160 12 14.0
 2021 160 14 9.3
 2021 160 16 7.6
 2021 160 18 6.9
 2021 160 20 6.0
 2021 160 22 9.1
 2021 161 0 13.6
 2021 161 2 20.4
 2021 161 4 27.8
 2021 161 6 32.4
 2021 161 8 33.2
 2021 161 10 24.0
 2021 161 12 16.9
 2021 161 14 11.7
 2021 161 16 9.2
 2021 161 18 7.9
 2021 161 20 6.1
 2021 161 22 9.9
 2021 162 0 17.0
 2021 162 2 20.2
 2021 162 4 27.5
 2021 162 6 33.1
 2021 162 8 37.0
 2021 162 10 32.7
 2021 162 12 18.0
 2021 162 14 12.6
 2021 162 16 9.7
 2021 162 18 7.7
 2021 162 20 5.6
 2021 162 22 8.8
 2021 163 0 16.1
 2021 163 2 20.6
 2021 163 4 24.3
 2021 163 6 26.7
 2021 163 8 25.8
 2021 163 10 19.6
 2021 163 12 14.3
 2021 163 14 10.4
 2021 163 16 8.4
 2021 163 18 7.3
 2021 163 20 6.3
 2021 163 22 10.0
 2021 164 0 14.7
 2021 164 2 19.7
 2021 164 4 27.0
 2021 164 6 31.3
 2021 164 8 29.8
 2021 164 10 26.3
 2021 164 12 19.7
 2021 164 14 9.5
 2021 164 16 7.5
 2021 164 18 6.5
 2021 164 20 5.8
 2021 164 22 10.0
 2021 165 0 15.9
 2021 165 2 22.9
 2021 165 4 27.0
 2021 165 6 32.0
 2021 165 8 31.2
 2021 165 10 27.9
 2021 165 12 16.7
 2021 165 14 9.2
 2021 165 16 7.8
 2021 165 18 6.5
 2021 165 20 5.7
 2021 165 22 9.6
 2021 166 0 14.2
 2021 166 2 18.5
 2021 166 4 23.4
 2021 166 6 26.0
 2021 166 8 26.6
 2021 166 10 25.4
 2021 166 12 12.8
 2021 166 14 9.8
 2021 166 16 8.3
 2021 166 18 7.2
 2021 166 20 6.7
 2021 166 22 9.7
 2021 167 0 14.5
 2021 167 2 16.7
 2021 167 4 21.0
 2021 167 6 27.1
 2021 167 8 28.7
 2021 167 10 26.1
 2021 167 12 17.9
 2021 167 14 11.9
 2021 167 16 9.9
 2021 167 18 8.4
 2021 167 20 7.1
 2021 167 22 9.3
 2021 168 0 14.9
 2021 168 2 18.4
 2021 168 4 22.2
 2021 168 6 26.8
 2021 168 8 29.0
 2021 168 10 26.7
 2021 168 12 17.5
 2021 168 14 12.3
 2021 168 16 9.9
 2021 168 18 8.0
 2021 168 20 6.9
 2021 168 22 10.0
 2021 169 0 13.3
 2021 169 2 18.3
 2021 169 4 24.3
 2021 169 6 27.3
 2021 169 8 29.1
 2021 169 10 27.2
 2021 169 12 20.1
 2021 169 14 12.8
 2021 169 16 10.5
 2021 169 18 8.6
 2021 169 20 6.2
 2021 169 22 9.4
 2021 170 0 15.6
 2021 170 2 18.4
 2021 170 4 22.7
 2021 170 6 25.9
 2021 170 8 27.3
 2021 170 10 24.7
 2021 170 12 17.4
 2021 170 14 11.5
 2021 170 16 10.4
 2021 170 18 8.7
 2021 170 20 5.7
 2021 170 22 8.9
 2021 171 0 15.0
 2021 171 2 19.5
 2021 171 4 25.7
 2021 171 6 28.3
 2021 171 8 24.9
 2021 171 10 21.4
 2021 171 12 15.1
 2021 171 14 8.5
 2021 171 16 7.4
 2021 171 18 6.2
 2021 171 20 5.4
 2021 171 22 9.1
 2021 172 0 15.6
 2021 172 2 20.4
 2021 172 4 24.9
 2021 172 6 27.4
 2021 172 8 28.0
 2021 172 10 24.3
 2021 172 12 14.0
 2021 172 14 10.1
 2021 172 16 8.7
 2021 172 18 7.4
 2021 172 20 6.3
 2021 172 22 9.9
 2021 173 0 17.1
 2021 173 2 20.8
 2021 173 4 25.4
 2021 173 6 29.9
 2021 173 8 30.7
 2021 173 10 27.3
 2021 173 12 17.1
 2021 173 14 12.4
 2021 173 16 10.4
 2021 173 18 8.6
 2021 173 20 7.3
 2021 173 22 10.7
 2021 174 0 16.7
 2021 174 2 21.2
 2021 174 4 26.9
 2021 174 6 30.8
 2021 174 8 30.4
 2021 174 10 29.5
 2021 174 12 22.4
 2021 174 14 15.8
 2021 174 16 12.2
 2021 174 18 10.0
 2021 174 20 7.8
 2021 174 22 9.9
 2021 175 0 17.0
 2021 175 2 21.5
 2021 175 4 24.3
 2021 175 6 26.6
 2021 175 8 27.6
 2021 175 10 22.3
 2021 175 12 13.9
 2021 175 14 9.4
 2021 175 16 8.3
 2021 175 18 6.9
 2021 175 20 5.8
 2021 175 22 10.4
 2021 176 0 17.6
 2021 176 2 23.2
 2021 176 4 28.6
 2021 176 6 31.8
 2021 176 8 30.7
 2021 176 10 28.3
 2021 176 12 18.1
 2021 176 14 10.3
 2021 176 16 9.2
 2021 176 18 7.4
 2021 176 20 6.7
 2021 176 22 10.8
 2021 177 0 17.0
 2021 177 2 21.1
 2021 177 4 26.2
 2021 177 6 29.2
 2021 177 8 28.8
 2021 177 10 25.7
 2021 177 12 16.0
 2021 177 14 10.3
 2021 177 16 8.1
 2021 177 18 6.7
 2021 177 20 6.0
 2021 177 22 9.3
 2021 178 0 17.9
 2021 178 2 22.9
 2021 178 4 25.1
 2021 178 6 25.6
 2021 178 8 24.5
 2021 178 10 22.2
 2021 178 12 16.8
 2021 178 14 8.8
 2021 178 16 8.0
 2021 178 18 6.5
 2021 178 20 5.4
 2021 178 22 9.1
 2021 179 0 15.3
 2021 179 2 17.8
 2021 179 4 21.4
 2021 179 6 25.4
 2021 179 8 26.6
 2021 179 10 22.9
 2021 179 12 18.2
 2021 179 14 12.7
 2021 179 16 10.5
 2021 179 18 8.2
 2021 179 20 6.9
 2021 179 22 10.2
 2021 180 0 18.6
 2021 180 2 23.1
 2021 180 4 27.1
 2021 180 6 31.0
 2021 180 8 32.9
 2021 180 10 29.1
 2021 180 12 17.6
 2021 180 14 11.0
 2021 180 16 9.5
 2021 180 18 7.8
 2021 180 20 6.7
 2021 180 22 9.0
 2021 181 0 15.6
 2021 181 2 19.7
 2021 181 4 25.8
 2021 181 6 31.6
 2021 181 8 33.2
 2021 181 10 32.1
 2021 181 12 17.9
 2021 181 14 11.4
 2021 181 16 9.6
 2021 181 18 8.1
 2021 181 20 6.3
 2021 181 22 10.8
 2021 182 0 17.8
 2021 182 2 20.3
 2021 182 4 27.1
 2021 182 6 35.2
 2021 182 8 36.2
 2021 182 10 30.3
 2021 182 12 20.1
 2021 182 14 11.2
 2021 182 16 9.8
 2021 182 18 7.6
 2021 182 20 6.1
 2021 182 22 10.3
 2021 183 0 17.5
 2021 183 2 21.3
 2021 183 4 26.4
 2021 183 6 27.9
 2021 183 8 25.6
 2021 183 10 20.3
 2021 183 12 16.7
 2021 183 14 12.6
 2021 183 16 11.1
 2021 183 18 8.5
 2021 183 20 6.6
 2021 183 22 9.6
 2021 184 0 18.1
 2021 184 2 24.6
 2021 184 4 24.7
 2021 184 6 24.8
 2021 184 8 24.8
 2021 184 10 25.0
 2021 184 12 18.4
 2021 184 14 12.5
 2021 184 16 10.5
 2021 184 18 9.5
 2021 184 20 7.8
 2021 184 22 10.2
 2021 185 0 18.3
 2021 185 2 22.8
 2021 185 4 26.8
 2021 185 6 27.4
 2021 185 8 23.6
 2021 185 10 21.8
 2021 185 12 15.9
 2021 185 14 10.2
 2021 185 16 9.1
 2021 185 18 8.1
 2021 185 20 6.4
 2021 185 22 9.3
 2021 186 0 14.6
 2021 186 2 17.6
 2021 186 4 22.9
 2021 186 6 27.0
 2021 186 8 29.0
 2021 186 10 25.9
 2021 186 12 17.3
 2021 186 14 11.3
 2021 186 16 9.2
 2021 186 18 8.2
 2021 186 20 6.6
 2021 186 22 10.0
 2021 187 0 15.5
 2021 187 2 18.6
 2021 187 4 22.4
 2021 187 6 26.4
 2021 187 8 27.4
 2021 187 10 26.9
 2021 187 12 16.6
 2021 187 14 10.6
 2021 187 16 9.1
 2021 187 18 7.6
 2021 187 20 5.8
 2021 187 22 9.5
 2021 188 0 16.1
 2021 188 2 21.3
 2021 188 4 28.1
 2021 188 6 27.4
 2021 188 8 25.3
 2021 188 10 24.6
 2021 188 12 17.6
 2021 188 14 10.3
 2021 188 16 8.6
 2021 188 18 6.8
 2021 188 20 5.4
 2021 188 22 9.0
 2021 189 0 14.7
 2021 189 2 18.8
 2021 189 4 23.1
 2021 189 6 29.6
 2021 189 8 25.3
 2021 189 10 18.7
 2021 189 12 14.7
 2021 189 14 8.1
 2021 189 16 7.1
 2021 189 18 6.7
 2021 189 20 5.5
 2021 189 22 9.0
 2021 190 0 15.4
 2021 190 2 20.8
 2021 190 4 27.3
 2021 190 6 28.4
 2021 190 8 26.4
 2021 190 10 23.4
 2021 190 12 11.2
 2021 190 14 7.1
 2021 190 16 6.5
 2021 190 18 5.7
 2021 190 20 4.7
 2021 190 22 7.6
 2021 191 0 13.8
 2021 191 2 16.6
 2021 191 4 20.4
 2021 191 6 21.4
 2021 191 8 22.5
 2021 191 10 17.7
 2021 191 12 11.4
 2021 191 14 7.9
 2021 191 16 6.7
 2021 191 18 5.7
 2021 191 20 5.1
 2021 191 22 7.9
 2021 192 0 12.4
 2021 192 2 17.7
 2021 192 4 22.6
 2021 192 6 23.8
 2021 192 8 21.5
 2021 192 10 20.5
 2021 192 12 11.0
 2021 192 14 7.5
 2021 192 16 6.4
 2021 192 18 5.4
 2021 192 20 4.8
 2021 192 22 7.5
 2021 193 0 13.3
 2021 193 2 16.1
 2021 193 4 20.9
 2021 193 6 25.2
 2021 193 8 24.8
 2021 193 10 23.7
 2021 193 12 13.9
 2021 193 14 7.2
 2021 193 16 5.9
 2021 193 18 5.0
 2021 193 20 3.8
 2021 193 22 7.2
 2021 194 0 12.8
 2021 194 2 14.0
 2021 194 4 17.1
 2021 194 6 21.0
 2021 194 8 23.9
 2021 194 10 23.8
 2021 194 12 16.4
 2021 194 14 7.7
 2021 194 16 6.1
 2021 194 18 5.4
 2021 194 20 4.7
 2021 194 22 8.0
 2021 195 0 13.2
 2021 195 2 16.8
 2021 195 4 21.5
 2021 195 6 25.5
 2021 195 8 28.6
 2021 195 10 24.5
 2021 195 12 14.1
 2021 195 14 7.3
 2021 195 16 5.8
 2021 195 18 4.9
 2021 195 20 4.3
 2021 195 22 7.7
 2021 196 0 14.4
 2021 196 2 17.7
 2021 196 4 23.6
 2021 196 6 27.5
 2021 196 8 27.0
 2021 196 10 22.8
 2021 196 12 13.9
 2021 196 14 9.8
 2021 196 16 7.7
 2021 196 18 6.1
 2021 196 20 4.7
 2021 196 22 8.3
 2021 197 0 12.7
 2021 197 2 17.8
 2021 197 4 23.2
 2021 197 6 24.6
 2021 197 8 27.8
 2021 197 10 24.8
 2021 197 12 12.6
 2021 197 14 8.0
 2021 197 16 6.6
 2021 197 18 5.7
 2021 197 20 4.7
 2021 197 22 7.9
 2021 198 0 12.3
 2021 198 2 17.6
 2021 198 4 24.1
 2021 198 6 26.8
 2021 198 8 29.1
 2021 198 10 27.8
 2021 198 12 18.8
 2021 198 14 8.7
 2021 198 16 7.1
 2021 198 18 6.5
 2021 198 20 5.4
 2021 198 22 8.1
 2021 199 0 12.7
 2021 199 2 16.6
 2021 199 4 19.9
 2021 199 6 24.5
 2021 199 8 25.7
 2021 199 10 24.3
 2021 199 12 19.0
 2021 199 14 9.6
 2021 199 16 7.5
 2021 199 18 6.7
 2021 199 20 5.8
 2021 199 22 8.3
 2021 200 0 13.9
 2021 200 2 20.4
 2021 200 4 28.4
 2021 200 6 30.4
 2021 200 8 30.1
 2021 200 10 26.0
 2021 200 12 20.1
 2021 200 14 11.7
 2021 200 16 8.2
 2021 200 18 7.1
 2021 200 20 6.1
 2021 200 22 8.3
 2021 201 0 15.0
 2021 201 2 18.1
 2021 201 4 22.6
 2021 201 6 26.2
 2021 201 8 26.1
 2021 201 10 25.6
 2021 201 12 18.9
 2021 201 14 10.5
 2021 201 16 7.8
 2021 201 18 7.7
 2021 201 20 7.0
 2021 201 22 10.2
 2021 202 0 15.1
 2021 202 2 20.2
 2021 202 4 23.6
 2021 202 6 25.0
 2021 202 8 26.9
 2021 202 10 23.7
 2021 202 12 15.7
 2021 202 14 10.3
 2021 202 16 8.8
 2021 202 18 8.3
 2021 202 20 7.1
 2021 202 22 10.1
 2021 203 0 19.6
 2021 203 2 26.1
 2021 203 4 34.4
 2021 203 6 37.6
 2021 203 8 34.7
 2021 203 10 28.9
 2021 203 12 15.9
 2021 203 14 12.3
 2021 203 16 9.7
 2021 203 18 9.0
 2021 203 20 7.3
 2021 203 22 9.0
 2021 204 0 15.9
 2021 204 2 22.5
 2021 204 4 31.4
 2021 204 6 36.9
 2021 204 8 39.1
 2021 204 10 39.2
 2021 204 12 20.9
 2021 204 14 10.2
 2021 204 16 8.1
 2021 204 18 7.7
 2021 204 20 7.4
 2021 204 22 10.8
 2021 205 0 17.3
 2021 205 2 25.6
 2021 205 4 31.1
 2021 205 6 34.4
 2021 205 8 35.3
 2021 205 10 35.9
 2021 205 12 17.2
 2021 205 14 10.7
 2021 205 16 8.9
 2021 205 18 7.9
 2021 205 20 6.7
 2021 205 22 10.1
 2021 206 0 15.2
 2021 206 2 20.4
 2021 206 4 26.3
 2021 206 6 34.0
 2021 206 8 35.4
 2021 206 10 31.2
 2021 206 12 17.9
 2021 206 14 10.7
 2021 206 16 8.2
 2021 206 18 7.8
 2021 206 20 6.9
 2021 206 22 10.5
 2021 207 0 15.4
 2021 207 2 24.4
 2021 207 4 33.3
 2021 207 6 36.1
 2021 207 8 35.2
 2021 207 10 35.4
 2021 207 12 17.8
 2021 207 14 11.3
 2021 207 16 10.0
 2021 207 18 9.4
 2021 207 20 8.4
 2021 207 22 10.1
 2021 208 0 13.6
 2021 208 2 18.8
 2021 208 4 28.7
 2021 208 6 33.9
 2021 208 8 36.4
 2021 208 10 30.8
 2021 208 12 17.5
 2021 208 14 12.2
 2021 208 16 9.5
 2021 208 18 8.8
 2021 208 20 7.5
 2021 208 22 9.2
 2021 209 0 15.1
 2021 209 2 18.8
 2021 209 4 24.5
 2021 209 6 29.0
 2021 209 8 31.6
 2021 209 10 32.5
 2021 209 12 23.7
 2021 209 14 13.4
 2021 209 16 10.5
 2021 209 18 9.4
 2021 209 20 8.2
 2021 209 22 10.7
 2021 210 0 14.0
 2021 210 2 19.9
 2021 210 4 25.5
 2021 210 6 26.7
 2021 210 8 27.5
 2021 210 10 25.3
 2021 210 12 18.2
 2021 210 14 12.5
 2021 210 16 10.1
 2021 210 18 8.5
 2021 210 20 7.2
 2021 210 22 9.5
 2021 211 0 14.4
 2021 211 2 16.1
 2021 211 4 19.6
 2021 211 6 25.1
 2021 211 8 30.0
 2021 211 10 29.7
 2021 211 12 19.1
 2021 211 14 14.5
 2021 211 16 10.9
 2021 211 18 8.9
 2021 211 20 7.1
 2021 211 22 9.1
 2021 212 0 14.5
 2021 212 2 17.8
 2021 212 4 23.4
 2021 212 6 26.7
 2021 212 8 31.4
 2021 212 10 30.8
 2021 212 12 22.8
 2021 212 14 16.4
 2021 212 16 10.8
 2021 212 18 8.3
 2021 212 20 6.8
 2021 212 22 9.0
 2021 213 0 13.5
 2021 213 2 16.2
 2021 213 4 21.3
 2021 213 6 25.7
 2021 213 8 27.2
 2021 213 10 26.8
 2021 213 12 14.5
 2021 213 14 9.2
 2021 213 16 7.3
 2021 213 18 6.5
 2021 213 20 5.8
 2021 213 22 8.9
 2021 214 0 14.5
 2021 214 2 17.7
 2021 214 4 23.5
 2021 214 6 26.6
 2021 214 8 32.7
 2021 214 10 24.3
 2021 214 12 16.5
 2021 214 14 11.8
 2021 214 16 8.4
 2021 214 18 7.6
 2021 214 20 6.8
 2021 214 22 10.0
 2021 215 0 13.5
 2021 215 2 19.1
 2021 215 4 25.2
 2021 215 6 29.3
 2021 215 8 29.0
 2021 215 10 23.7
 2021 215 12 16.6
 2021 215 14 12.3
 2021 215 16 10.1
 2021 215 18 9.0
 2021 215 20 8.0
 2021 215 22 10.0
 2021 216 0 13.6
 2021 216 2 20.5
 2021 216 4 27.5
 2021 216 6 28.3
 2021 216 8 27.0
 2021 216 10 26.7
 2021 216 12 23.7
 2021 216 14 14.4
 2021 216 16 10.9
 2021 216 18 8.7
 2021 216 20 6.7
 2021 216 22 8.2
 2021 217 0 11.6
 2021 217 2 17.1
 2021 217 4 22.6
 2021 217 6 24.4
 2021 217 8 21.5
 2021 217 10 17.4
 2021 217 12 13.8
 2021 217 14 9.4
 2021 217 16 7.2
 2021 217 18 6.3
 2021 217 20 6.0
 2021 217 22 8.4
 2021 218 0 12.8
 2021 218 2 18.1
 2021 218 4 22.8
 2021 218 6 24.6
 2021 218 8 25.7
 2021 218 10 24.3
 2021 218 12 14.4
 2021 218 14 9.4
 2021 218 16 7.0
 2021 218 18 6.4
 2021 218 20 6.2
 2021 218 22 9.2
 2021 219 0 12.7
 2021 219 2 19.0
 2021 219 4 25.4
 2021 219 6 29.9
 2021 219 8 25.2
 2021 219 10 22.7
 2021 219 12 15.0
 2021 219 14 11.4
 2021 219 16 8.7
 2021 219 18 8.5
 2021 219 20 7.2
 2021 219 22 9.4
 2021 220 0 13.8
 2021 220 2 20.5
 2021 220 4 27.2
 2021 220 6 32.1
 2021 220 8 31.8
 2021 220 10 28.3
 2021 220 12 18.4
 2021 220 14 10.2
 2021 220 16 8.3
 2021 220 18 7.2
 2021 220 20 5.6
 2021 220 22 7.8
 2021 221 0 12.6
 2021 221 2 16.7
 2021 221 4 21.1
 2021 221 6 27.8
 2021 221 8 27.6
 2021 221 10 24.6
 2021 221 12 13.8
 2021 221 14 8.9
 2021 221 16 7.1
 2021 221 18 6.4
 2021 221 20 5.7
 2021 221 22 7.9
 2021 222 0 13.2
 2021 222 2 21.0
 2021 222 4 26.1
 2021 222 6 26.6
 2021 222 8 26.0
 2021 222 10 23.0
 2021 222 12 13.4
 2021 222 14 8.9
 2021 222 16 7.3
 2021 222 18 6.6
 2021 222 20 5.7
 2021 222 22 8.1
 2021 223 0 11.7
 2021 223 2 18.3
 2021 223 4 27.5
 2021 223 6 35.0
 2021 223 8 34.8
 2021 223 10 32.9
 2021 223 12 15.2
 2021 223 14 8.1
 2021 223 16 6.6
 2021 223 18 6.2
 2021 223 20 4.9
 2021 223 22 7.3
 2021 224 0 12.6
 2021 224 2 16.9
 2021 224 4 20.7
 2021 224 6 25.1
 2021 224 8 26.3
 2021 224 10 27.5
 2021 224 12 16.6
 2021 224 14 9.5
 2021 224 16 7.8
 2021 224 18 7.1
 2021 224 20 5.9
 2021 224 22 7.9
 2021 225 0 12.1
 2021 225 2 15.8
 2021 225 4 21.5
 2021 225 6 27.7
 2021 225 8 30.3
 2021 225 10 26.4
 2021 225 12 16.1
 2021 225 14 9.3
 2021 225 16 7.2
 2021 225 18 6.2
 2021 225 20 5.0
 2021 225 22 7.4
 2021 226 0 10.9
 2021 226 2 14.8
 2021 226 4 20.9
 2021 226 6 28.6
 2021 226 8 29.9
 2021 226 10 27.8
 2021 226 12 17.7
 2021 226 14 11.4
 2021 226 16 9.8
 2021 226 18 8.7
 2021 226 20 6.8
 2021 226 22 8.1
 2021 227 0 12.1
 2021 227 2 16.6
 2021 227 4 26.1
 2021 227 6 33.8
 2021 227 8 35.7
 2021 227 10 34.3
 2021 227 12 18.5
 2021 227 14 10.2
 2021 227 16 8.3
 2021 227 18 7.6
 2021 227 20 6.1
 2021 227 22 8.5
 2021 228 0 12.3
 2021 228 2 17.6
 2021 228 4 24.8
 2021 228 6 33.7
 2021 228 8 32.5
 2021 228 10 29.0
 2021 228 12 19.6
 2021 228 14 13.1
 2021 228 16 10.3
 2021 228 18 9.3
 2021 228 20 7.1
 2021 228 22 8.6
 2021 229 0 12.9
 2021 229 2 18.1
 2021 229 4 24.1
 2021 229 6 28.5
 2021 229 8 28.3
 2021 229 10 28.1
 2021 229 12 21.4
 2021 229 14 10.7
 2021 229 16 8.8
 2021 229 18 8.0
 2021 229 20 6.4
 2021 229 22 7.7
 2021 230 0 12.7
 2021 230 2 17.0
 2021 230 4 21.0
 2021 230 6 23.1
 2021 230 8 23.7
 2021 230 10 26.5
 2021 230 12 19.4
 2021 230 14 11.2
 2021 230 16 9.8
 2021 230 18 9.0
 2021 230 20 6.7
 2021 230 22 8.9
 2021 231 0 13.4
 2021 231 2 17.5
 2021 231 4 20.2
 2021 231 6 22.0
 2021 231 8 22.5
 2021 231 10 22.7
 2021 231 12 14.3
 2021 231 14 10.1
 2021 231 16 8.9
 2021 231 18 8.4
 2021 231 20 7.2
 2021 231 22 8.9
 2021 232 0 14.2
 2021 232 2 19.5
 2021 232 4 24.8
 2021 232 6 27.2
 2021 232 8 25.0
 2021 232 10 22.5
 2021 232 12 17.0
 2021 232 14 11.0
 2021 232 16 9.8
 2021 232 18 8.8
 2021 232 20 5.7
 2021 232 22 8.6
 2021 233 0 16.2
 2021 233 2 21.7
 2021 233 4 27.9
 2021 233 6 28.6
 2021 233 8 27.2
 2021 233 10 23.0
 2021 233 12 13.0
 2021 233 14 7.6
 2021 233 16 6.3
 2021 233 18 6.1
 2021 233 20 5.1
 2021 233 22 7.7
 2021 234 0 13.7
 2021 234 2 19.6
 2021 234 4 22.7
 2021 234 6 23.8
 2021 234 8 23.2
 2021 234 10 24.9
 2021 234 12 18.7
 2021 234 14 10.3
 2021 234 16 8.2
 2021 234 18 7.8
 2021 234 20 6.4
 2021 234 22 8.2
 2021 235 0 13.9
 2021 235 2 19.4
 2021 235 4 27.4
 2021 235 6 31.2
 2021 235 8 33.6
 2021 235 10 32.6
 2021 235 12 18.2
 2021 235 14 9.3
 2021 235 16 7.6
 2021 235 18 7.2
 2021 235 20 6.2
 2021 235 22 8.0
 2021 236 0 12.9
 2021 236 2 19.7
 2021 236 4 25.4
 2021 236 6 27.6
 2021 236 8 27.7
 2021 236 10 27.5
 2021 236 12 16.4
 2021 236 14 8.0
 2021 236 16 7.0
 2021 236 18 6.6
 2021 236 20 5.9
 2021 236 22 8.5
 2021 237 0 13.6
 2021 237 2 20.9
 2021 237 4 30.8
 2021 237 6 36.4
 2021 237 8 41.4
 2021 237 10 36.5
 2021 237 12 20.3
 2021 237 14 10.7
 2021 237 16 8.2
 2021 237 18 7.6
 2021 237 20 5.2
 2021 237 22 7.3
 2021 238 0 16.5
 2021 238 2 21.9
 2021 238 4 28.4
 2021 238 6 32.6
 2021 238 8 31.2
 2021 238 10 31.9
 2021 238 12 18.1
 2021 238 14 8.8
 2021 238 16 8.0
 2021 238 18 8.2
 2021 238 20 5.9
 2021 238 22 8.2
 2021 239 0 15.0
 2021 239 2 21.4
 2021 239 4 31.7
 2021 239 6 34.0
 2021 239 8 31.2
 2021 239 10 26.7
 2021 239 12 17.0
 2021 239 14 10.2
 2021 239 16 8.4
 2021 239 18 8.1
 2021 239 20 7.4
 2021 239 22 8.9
 2021 240 0 16.2
 2021 240 2 28.7
 2021 240 4 42.7
 2021 240 6 45.1
 2021 240 8 45.1
 2021 240 10 34.2
 2021 240 12 17.7
 2021 240 14 11.3
 2021 240 16 8.6
 2021 240 18 8.1
 2021 240 20 6.6
 2021 240 22 8.5
 2021 241 0 15.3
 2021 241 2 23.4
 2021 241 4 37.1
 2021 241 6 43.0
 2021 241 8 42.6
 2021 241 10 33.2
 2021 241 12 15.5
 2021 241 14 9.9
 2021 241 16 8.1
 2021 241 18 8.1
 2021 241 20 6.3
 2021 241 22 8.6
 2021 242 0 14.4
 2021 242 2 23.4
 2021 242 4 32.0
 2021 242 6 33.8
 2021 242 8 30.1
 2021 242 10 27.9
 2021 242 12 15.2
 2021 242 14 8.7
 2021 242 16 7.1
 2021 242 18 6.9
 2021 242 20 4.9
 2021 242 22 7.4
 2021 243 0 14.1
 2021 243 2 21.7
 2021 243 4 32.6
 2021 243 6 38.8
 2021 243 8 39.6
 2021 243 10 37.2
 2021 243 12 19.6
 2021 243 14 11.2
 2021 243 16 8.9
 2021 243 18 8.9
 2021 243 20 6.5
 2021 243 22 8.3
 2021 244 0 14.4
 2021 244 2 20.8
 2021 244 4 29.7
 2021 244 6 32.4
 2021 244 8 32.9
 2021 244 10 30.0
 2021 244 12 21.6
 2021 244 14 12.7
 2021 244 16 9.7
 2021 244 18 8.7
 2021 244 20 7.3
 2021 244 22 8.5
 2021 245 0 14.5
 2021 245 2 19.8
 2021 245 4 29.1
 2021 245 6 31.6
 2021 245 8 34.7
 2021 245 10 33.0
 2021 245 12 17.3
 2021 245 14 11.3
 2021 245 16 9.8
 2021 245 18 9.9
 2021 245 20 7.1
 2021 245 22 8.7
 2021 246 0 13.8
 2021 246 2 19.7
 2021 246 4 25.7
 2021 246 6 30.9
 2021 246 8 32.0
 2021 246 10 33.3
 2021 246 12 22.1
 2021 246 14 13.0
 2021 246 16 9.9
 2021 246 18 9.6
 2021 246 20 6.4
 2021 246 22 8.7
 2021 247 0 14.0
 2021 247 2 22.5
 2021 247 4 36.9
 2021 247 6 41.8
 2021 247 8 41.0
 2021 247 10 41.5
 2021 247 12 21.6
 2021 247 14 14.4
 2021 247 16 11.9
 2021 247 18 11.8
 2021 247 20 6.5
 2021 247 22 7.9
 2021 248 0 13.9
 2021 248 2 19.6
 2021 248 4 29.4
 2021 248 6 33.3
 2021 248 8 33.9
 2021 248 10 33.5
 2021 248 12 18.2
 2021 248 14 9.0
 2021 248 16 7.7
 2021 248 18 7.2
 2021 248 20 5.9
 2021 248 22 8.1
 2021 249 0 14.2
 2021 249 2 21.4
 2021 249 4 30.4
 2021 249 6 30.2
 2021 249 8 24.8
 2021 249 10 21.9
 2021 249 12 15.0
 2021 249 14 10.4
 2021 249 16 9.2
 2021 249 18 8.5
 2021 249 20 7.4
 2021 249 22 9.4
 2021 250 0 14.4
 2021 250 2 22.7
 2021 250 4 34.7
 2021 250 6 38.1
 2021 250 8 37.5
 2021 250 10 36.5
 2021 250 12 22.9
 2021 250 14 12.7
 2021 250 16 9.7
 2021 250 18 8.8
 2021 250 20 6.6
 2021 250 22 8.9
 2021 251 0 13.1
 2021 251 2 21.9
 2021 251 4 35.4
 2021 251 6 39.1
 2021 251 8 40.4
 2021 251 10 34.3
 2021 251 12 20.2
 2021 251 14 11.5
 2021 251 16 9.0
 2021 251 18 7.6
 2021 251 20 6.5
 2021 251 22 9.3
 2021 252 0 18.0
 2021 252 2 29.8
 2021 252 4 39.6
 2021 252 6 42.1
 2021 252 8 43.5
 2021 252 10 42.1
 2021 252 12 19.8
 2021 252 14 10.0
 2021 252 16 7.9
 2021 252 18 7.2
 2021 252 20 5.7
 2021 252 22 8.1
 2021 253 0 13.9
 2021 253 2 19.2
 2021 253 4 24.5
 2021 253 6 28.2
 2021 253 8 32.3
 2021 253 10 37.6
 2021 253 12 18.3
 2021 253 14 9.8
 2021 253 16 8.4
 2021 253 18 8.7
 2021 253 20 8.3
 2021 253 22 10.8
 2021 254 0 15.0
 2021 254 2 18.9
 2021 254 4 26.5
 2021 254 6 34.0
 2021 254 8 40.6
 2021 254 10 40.4
 2021 254 12 19.9
 2021 254 14 12.6
 2021 254 16 11.7
 2021 254 18 11.7
 2021 254 20 8.3
 2021 254 22 9.4
 2021 255 0 18.4
 2021 255 2 29.5
 2021 255 4 34.8
 2021 255 6 37.6
 2021 255 8 37.1
 2021 255 10 34.5
 2021 255 12 20.1
 2021 255 14 12.4
 2021 255 16 10.0
 2021 255 18 10.2
 2021 255 20 6.7
 2021 255 22 7.6
 2021 256 0 14.1
 2021 256 2 21.1
 2021 256 4 30.0
 2021 256 6 32.2
 2021 256 8 33.0
 2021 256 10 27.5
 2021 256 12 16.4
 2021 256 14 9.8
 2021 256 16 8.6
 2021 256 18 7.8
 2021 256 20 6.3
 2021 256 22 8.0
 2021 257 0 18.0
 2021 257 2 28.2
 2021 257 4 37.7
 2021 257 6 41.1
 2021 257 8 41.2
 2021 257 10 36.2
 2021 257 12 18.4
 2021 257 14 10.1
 2021 257 16 8.0
 2021 257 18 8.1
 2021 257 20 5.2
 2021 257 22 7.2
 2021 258 0 13.2
 2021 258 2 21.3
 2021 258 4 29.7
 2021 258 6 30.3
 2021 258 8 32.8
 2021 258 10 24.6
 2021 258 12 16.4
 2021 258 14 11.1
 2021 258 16 9.3
 2021 258 18 8.6
 2021 258 20 6.1
 2021 258 22 8.1
 2021 259 0 13.2
 2021 259 2 19.8
 2021 259 4 30.8
 2021 259 6 38.4
 2021 259 8 42.5
 2021 259 10 31.2
 2021 259 12 18.6
 2021 259 14 12.0
 2021 259 16 10.1
 2021 259 18 9.1
 2021 259 20 5.5
 2021 259 22 7.1
 2021 260 0 12.4
 2021 260 2 18.3
 2021 260 4 30.2
 2021 260 6 38.5
 2021 260 8 46.5
 2021 260 10 37.1
 2021 260 12 22.0
 2021 260 14 15.2
 2021 260 16 14.3
 2021 260 18 10.2
 2021 260 20 6.8
 2021 260 22 7.8
 2021 261 0 14.0
 2021 261 2 22.7
 2021 261 4 39.5
 2021 261 6 41.4
 2021 261 8 46.3
 2021 261 10 32.0
 2021 261 12 14.8
 2021 261 14 10.8
 2021 261 16 9.8
 2021 261 18 8.9
 2021 261 20 5.2
 2021 261 22 6.7
 2021 262 0 13.2
 2021 262 2 20.5
 2021 262 4 32.2
 2021 262 6 36.9
 2021 262 8 40.7
 2021 262 10 26.0
 2021 262 12 12.7
 2021 262 14 8.4
 2021 262 16 7.1
 2021 262 18 6.6
 2021 262 20 5.5
 2021 262 22 7.1
 2021 263 0 12.4
 2021 263 2 19.2
 2021 263 4 31.8
 2021 263 6 35.0
 2021 263 8 40.7
 2021 263 10 32.8
 2021 263 12 18.7
 2021 263 14 12.3
 2021 263 16 10.1
 2021 263 18 9.3
 2021 263 20 6.0
 2021 263 22 6.8
 2021 264 0 11.9
 2021 264 2 17.7
 2021 264 4 29.8
 2021 264 6 37.4
 2021 264 8 42.5
 2021 264 10 39.9
 2021 264 12 19.9
 2021 264 14 11.8
 2021 264 16 9.2
 2021 264 18 8.7
 2021 264 20 6.7
 2021 264 22 7.6
 2021 265 0 15.3
 2021 265 2 24.5
 2021 265 4 39.2
 2021 265 6 49.9
 2021 265 8 52.5
 2021 265 10 45.0
 2021 265 12 28.8
 2021 265 14 16.8
 2021 265 16 13.3
 2021 265 18 11.6
 2021 265 20 6.9
 2021 265 22 9.3
 2021 266 0 17.2
 2021 266 2 26.7
 2021 266 4 41.0
 2021 266 6 45.1
 2021 266 8 50.3
 2021 266 10 38.5
 2021 266 12 24.4
 2021 266 14 14.8
 2021 266 16 12.5
 2021 266 18 12.0
 2021 266 20 7.6
 2021 266 22 9.4
 2021 267 0 15.7
 2021 267 2 21.3
 2021 267 4 34.7
 2021 267 6 45.2
 2021 267 8 52.2
 2021 267 10 48.4
 2021 267 12 30.7
 2021 267 14 19.4
 2021 267 16 16.0
 2021 267 18 14.4
 2021 267 20 10.3
 2021 267 22 9.4
 2021 268 0 17.2
 2021 268 2 26.6
 2021 268 4 42.6
 2021 268 6 48.9
 2021 268 8 58.9
 2021 268 10 51.7
 2021 268 12 31.8
 2021 268 14 23.3
 2021 268 16 17.3
 2021 268 18 14.7
 2021 268 20 8.3
 2021 268 22 10.1
 2021 269 0 15.7
 2021 269 2 24.5
 2021 269 4 41.5
 2021 269 6 49.2
 2021 269 8 50.9
 2021 269 10 36.0
 2021 269 12 21.9
 2021 269 14 14.6
 2021 269 16 12.7
 2021 269 18 11.6
 2021 269 20 6.8
 2021 269 22 9.2
 2021 270 0 16.3
 2021 270 2 27.6
 2021 270 4 45.5
 2021 270 6 48.4
 2021 270 8 52.1
 2021 270 10 37.7
 2021 270 12 27.4
 2021 270 14 16.6
 2021 270 16 12.7
 2021 270 18 12.3
 2021 270 20 6.9
 2021 270 22 9.5
 2021 271 0 18.5
 2021 271 2 29.2
 2021 271 4 44.5
 2021 271 6 47.4
 2021 271 8 43.0
 2021 271 10 29.3
 2021 271 12 23.2
 2021 271 14 14.0
 2021 271 16 11.8
 2021 271 18 10.9
 2021 271 20 6.2
 2021 271 22 8.9
 2021 272 0 16.8
 2021 272 2 26.3
 2021 272 4 38.8
 2021 272 6 46.9
 2021 272 8 50.9
 2021 272 10 40.9
 2021 272 12 28.4
 2021 272 14 18.7
 2021 272 16 14.9
 2021 272 18 13.3
 2021 272 20 7.2
 2021 272 22 10.1
 2021 273 0 17.9
 2021 273 2 27.8
 2021 273 4 38.5
 2021 273 6 44.3
 2021 273 8 51.7
 2021 273 10 43.1
 2021 273 12 32.1
 2021 273 14 22.0
 2021 273 16 16.3
 2021 273 18 13.8
 2021 273 20 7.8
 2021 273 22 10.6
 2021 274 0 19.4
 2021 274 2 26.0
 2021 274 4 39.7
 2021 274 6 45.9
 2021 274 8 48.9
 2021 274 10 38.0
 2021 274 12 30.2
 2021 274 14 20.6
 2021 274 16 17.3
 2021 274 18 13.3
 2021 274 20 9.0
 2021 274 22 10.2
 2021 275 0 16.3
 2021 275 2 24.7
 2021 275 4 36.5
 2021 275 6 44.7
 2021 275 8 51.4
 2021 275 10 46.0
 2021 275 12 32.3
 2021 275 14 21.8
 2021 275 16 20.0
 2021 275 18 14.5
 2021 275 20 6.4
 2021 275 22 8.8
 2021 276 0 16.1
 2021 276 2 30.0
 2021 276 4 47.2
 2021 276 6 53.9
 2021 276 8 53.5
 2021 276 10 39.0
 2021 276 12 30.8
 2021 276 14 22.3
 2021 276 16 18.1
 2021 276 18 10.8
 2021 276 20 5.9
 2021 276 22 8.2
 2021 277 0 15.6
 2021 277 2 27.7
 2021 277 4 42.3
 2021 277 6 45.0
 2021 277 8 46.4
 2021 277 10 31.6
 2021 277 12 20.2
 2021 277 14 13.3
 2021 277 16 13.0
 2021 277 18 10.9
 2021 277 20 5.6
 2021 277 22 7.7
 2021 278 0 17.5
 2021 278 2 35.8
 2021 278 4 44.9
 2021 278 6 46.7
 2021 278 8 41.7
 2021 278 10 29.8
 2021 278 12 22.5
 2021 278 14 15.4
 2021 278 16 11.1
 2021 278 18 9.0
 2021 278 20 6.3
 2021 278 22 7.8
 2021 279 0 17.0
 2021 279 2 33.9
 2021 279 4 44.1
 2021 279 6 47.9
 2021 279 8 44.0
 2021 279 10 29.4
 2021 279 12 21.2
 2021 279 14 16.8
 2021 279 16 13.4
 2021 279 18 10.0
 2021 279 20 8.4
 2021 279 22 10.8
 2021 280 0 20.3
 2021 280 2 34.6
 2021 280 4 49.9
 2021 280 6 56.1
 2021 280 8 53.0
 2021 280 10 38.5
 2021 280 12 28.9
 2021 280 14 19.6
 2021 280 16 14.9
 2021 280 18 13.7
 2021 280 20 7.7
 2021 280 22 8.4
 2021 281 0 15.3
 2021 281 2 26.3
 2021 281 4 41.0
 2021 281 6 52.4
 2021 281 8 50.4
 2021 281 10 32.0
 2021 281 12 22.3
 2021 281 14 16.3
 2021 281 16 12.6
 2021 281 18 10.9
 2021 281 20 6.5
 2021 281 22 8.2
 2021 282 0 14.0
 2021 282 2 21.2
 2021 282 4 32.0
 2021 282 6 48.7
 2021 282 8 54.3
 2021 282 10 42.6
 2021 282 12 27.0
 2021 282 14 15.9
 2021 282 16 12.6
 2021 282 18 11.6
 2021 282 20 8.0
 2021 282 22 8.8
 2021 283 0 15.0
 2021 283 2 28.1
 2021 283 4 44.4
 2021 283 6 54.2
 2021 283 8 51.7
 2021 283 10 37.2
 2021 283 12 28.2
 2021 283 14 19.9
 2021 283 16 14.2
 2021 283 18 14.0
 2021 283 20 7.4
 2021 283 22 7.7
 2021 284 0 15.8
 2021 284 2 30.0
 2021 284 4 44.9
 2021 284 6 49.8
 2021 284 8 39.9
 2021 284 10 28.4
 2021 284 12 17.8
 2021 284 14 13.1
 2021 284 16 10.5
 2021 284 18 9.6
 2021 284 20 7.8
 2021 284 22 9.1
 2021 285 0 16.3
 2021 285 2 28.6
 2021 285 4 44.8
 2021 285 6 58.4
 2021 285 8 57.5
 2021 285 10 44.6
 2021 285 12 32.4
 2021 285 14 22.3
 2021 285 16 17.0
 2021 285 18 13.0
 2021 285 20 7.7
 2021 285 22 9.4
 2021 286 0 21.9
 2021 286 2 35.9
 2021 286 4 46.1
 2021 286 6 57.0
 2021 286 8 55.6
 2021 286 10 42.3
 2021 286 12 31.2
 2021 286 14 23.8
 2021 286 16 21.4
 2021 286 18 16.1
 2021 286 20 8.8
 2021 286 22 7.9
 2021 287 0 16.0
 2021 287 2 26.1
 2021 287 4 35.3
 2021 287 6 44.4
 2021 287 8 44.4
 2021 287 10 26.1
 2021 287 12 20.1
 2021 287 14 12.9
 2021 287 16 11.1
 2021 287 18 8.8
 2021 287 20 7.0
 2021 287 22 8.0
 2021 288 0 15.0
 2021 288 2 29.2
 2021 288 4 42.5
 2021 288 6 55.9
 2021 288 8 54.3
 2021 288 10 38.1
 2021 288 12 26.7
 2021 288 14 17.5
 2021 288 16 11.3
 2021 288 18 8.9
 2021 288 20 6.4
 2021 288 22 6.5
 2021 289 0 14.1
 2021 289 2 27.9
 2021 289 4 37.8
 2021 289 6 49.7
 2021 289 8 43.3
 2021 289 10 30.4
 2021 289 12 22.4
 2021 289 14 16.0
 2021 289 16 13.8
 2021 289 18 10.3
 2021 289 20 6.0
 2021 289 22 7.2
 2021 290 0 14.9
 2021 290 2 27.1
 2021 290 4 36.6
 2021 290 6 43.3
 2021 290 8 35.2
 2021 290 10 31.2
 2021 290 12 25.0
 2021 290 14 17.1
 2021 290 16 14.6
 2021 290 18 11.8
 2021 290 20 6.8
 2021 290 22 8.1
 2021 291 0 18.2
 2021 291 2 33.3
 2021 291 4 35.9
 2021 291 6 44.7
 2021 291 8 32.6
 2021 291 10 24.7
 2021 291 12 16.1
 2021 291 14 13.7
 2021 291 16 11.9
 2021 291 18 10.3
 2021 291 20 6.2
 2021 291 22 7.4
 2021 292 0 15.9
 2021 292 2 27.5
 2021 292 4 41.2
 2021 292 6 50.4
 2021 292 8 44.8
 2021 292 10 32.1
 2021 292 12 17.0
 2021 292 14 11.4
 2021 292 16 8.3
 2021 292 18 7.9
 2021 292 20 5.0
 2021 292 22 6.7
 2021 293 0 15.4
 2021 293 2 26.1
 2021 293 4 34.7
 2021 293 6 42.6
 2021 293 8 37.2
 2021 293 10 24.4
 2021 293 12 15.7
 2021 293 14 10.4
 2021 293 16 8.4
 2021 293 18 7.5
 2021 293 20 6.6
 2021 293 22 7.1
 2021 294 0 12.8
 2021 294 2 19.1
 2021 294 4 28.2
 2021 294 6 42.8
 2021 294 8 45.7
 2021 294 10 35.5
 2021 294 12 26.1
 2021 294 14 18.2
 2021 294 16 13.2
 2021 294 18 9.6
 2021 294 20 7.5
 2021 294 22 8.0
 2021 295 0 15.8
 2021 295 2 25.8
 2021 295 4 39.7
 2021 295 6 46.9
 2021 295 8 38.8
 2021 295 10 25.1
 2021 295 12 19.0
 2021 295 14 13.4
 2021 295 16 10.6
 2021 295 18 9.4
 2021 295 20 6.3
 2021 295 22 6.7
 2021 296 0 13.4
 2021 296 2 23.7
 2021 296 4 36.1
 2021 296 6 45.7
 2021 296 8 36.9
 2021 296 10 25.4
 2021 296 12 21.0
 2021 296 14 15.0
 2021 296 16 10.4
 2021 296 18 9.0
 2021 296 20 6.7
 2021 296 22 7.7
 2021 297 0 16.3
 2021 297 2 28.1
 2021 297 4 40.6
 2021 297 6 48.9
 2021 297 8 40.6
 2021 297 10 30.1
 2021 297 12 24.1
 2021 297 14 16.4
 2021 297 16 12.8
 2021 297 18 9.7
 2021 297 20 7.5
 2021 297 22 8.5
 2021 298 0 17.9
 2021 298 2 35.6
 2021 298 4 46.1
 2021 298 6 48.3
 2021 298 8 35.5
 2021 298 10 22.6
 2021 298 12 19.3
 2021 298 14 14.5
 2021 298 16 11.4
 2021 298 18 9.6
 2021 298 20 7.0
 2021 298 22 8.4
 2021 299 0 18.0
 2021 299 2 33.3
 2021 299 4 47.6
 2021 299 6 56.6
 2021 299 8 47.7
 2021 299 10 35.8
 2021 299 12 29.1
 2021 299 14 22.3
 2021 299 16 16.0
 2021 299 18 12.8
 2021 299 20 8.6
 2021 299 22 9.2
 2021 300 0 17.6
 2021 300 2 28.1
 2021 300 4 42.2
 2021 300 6 56.4
 2021 300 8 51.5
 2021 300 10 35.4
 2021 300 12 27.0
 2021 300 14 19.9
 2021 300 16 15.0
 2021 300 18 12.6
 2021 300 20 8.9
 2021 300 22 9.1
 2021 301 0 17.8
 2021 301 2 28.6
 2021 301 4 41.3
 2021 301 6 56.5
 2021 301 8 49.1
 2021 301 10 39.3
 2021 301 12 32.1
 2021 301 14 21.3
 2021 301 16 15.7
 2021 301 18 11.9
 2021 301 20 8.8
 2021 301 22 8.2
 2021 302 0 15.8
 2021 302 2 28.1
 2021 302 4 44.0
 2021 302 6 54.8
 2021 302 8 45.8
 2021 302 10 34.6
 2021 302 12 32.0
 2021 302 14 21.6
 2021 302 16 15.2
 2021 302 18 11.0
 2021 302 20 8.5
 2021 302 22 8.9
 2021 303 0 20.2
 2021 303 2 33.8
 2021 303 4 46.1
 2021 303 6 58.5
 2021 303 8 52.8
 2021 303 10 41.5
 2021 303 12 34.5
 2021 303 14 22.8
 2021 303 16 17.4
 2021 303 18 15.0
 2021 303 20 10.0
 2021 303 22 10.8
 2021 304 0 19.2
 2021 304 2 29.6
 2021 304 4 38.8
 2021 304 6 52.8
 2021 304 8 54.8
 2021 304 10 50.6
 2021 304 12 42.7
 2021 304 14 28.8
 2021 304 16 22.9
 2021 304 18 16.5
 2021 304 20 7.3
 2021 304 22 8.4
 2021 305 0 20.4
 2021 305 2 30.2
 2021 305 4 44.8
 2021 305 6 57.3
 2021 305 8 56.1
 2021 305 10 50.9
 2021 305 12 39.7
 2021 305 14 26.6
 2021 305 16 20.4
 2021 305 18 14.4
 2021 305 20 7.3
 2021 305 22 7.9
 2021 306 0 19.7
 2021 306 2 34.9
 2021 306 4 46.6
 2021 306 6 54.0
 2021 306 8 40.4
 2021 306 10 32.4
 2021 306 12 28.0
 2021 306 14 16.9
 2021 306 16 13.1
 2021 306 18 8.3
 2021 306 20 7.3
 2021 306 22 8.1
 2021 307 0 18.8
 2021 307 2 31.5
 2021 307 4 42.8
 2021 307 6 49.1
 2021 307 8 41.7
 2021 307 10 41.5
 2021 307 12 31.6
 2021 307 14 19.2
 2021 307 16 13.5
 2021 307 18 9.9
 2021 307 20 6.3
 2021 307 22 7.0
 2021 308 0 21.7
 2021 308 2 26.3
 2021 308 4 52.1
 2021 308 6 56.7
 2021 308 8 51.7
 2021 308 10 48.1
 2021 308 12 33.4
 2021 308 14 25.4
 2021 308 16 17.7
 2021 308 18 11.7
 2021 308 20 10.2
 2021 308 22 11.1
 2021 309 0 25.8
 2021 309 2 31.5
 2021 309 4 39.0
 2021 309 6 40.8
 2021 309 8 29.0
 2021 309 10 23.9
 2021 309 12 20.9
 2021 309 14 15.7
 2021 309 16 10.5
 2021 309 18 7.6
 2021 309 20 6.0
 2021 309 22 7.1
 2021 310 0 21.3
 2021 310 2 39.6
 2021 310 4 54.6
 2021 310 6 58.7
 2021 310 8 43.6
 2021 310 10 33.9
 2021 310 12 22.9
 2021 310 14 13.4
 2021 310 16 10.3
 2021 310 18 9.9
 2021 310 20 6.4
 2021 310 22 7.7
 2021 311 0 15.1
 2021 311 2 28.0
 2021 311 4 47.5
 2021 311 6 56.8
 2021 311 8 43.4
 2021 311 10 36.1
 2021 311 12 26.1
 2021 311 14 18.2
 2021 311 16 11.7
 2021 311 18 9.1
 2021 311 20 8.3
 2021 311 22 7.2
 2021 312 0 14.1
 2021 312 2 22.5
 2021 312 4 37.3
 2021 312 6 51.9
 2021 312 8 50.2
 2021 312 10 28.1
 2021 312 12 19.8
 2021 312 14 13.1
 2021 312 16 11.0
 2021 312 18 9.3
 2021 312 20 7.6
 2021 312 22 7.2
 2021 313 0 14.1
 2021 313 2 22.3
 2021 313 4 37.5
 2021 313 6 55.3
 2021 313 8 52.8
 2021 313 10 33.2
 2021 313 12 20.8
 2021 313 14 12.5
 2021 313 16 11.0
 2021 313 18 9.7
 2021 313 20 8.5
 2021 313 22 7.0
 2021 314 0 15.7
 2021 314 2 20.8
 2021 314 4 39.6
 2021 314 6 51.2
 2021 314 8 50.0
 2021 314 10 33.9
 2021 314 12 22.4
 2021 314 14 15.2
 2021 314 16 12.2
 2021 314 18 11.2
 2021 314 20 9.7
 2021 314 22 7.5
 2021 315 0 14.1
 2021 315 2 22.9
 2021 315 4 40.3
 2021 315 6 53.4
 2021 315 8 50.0
 2021 315 10 37.3
 2021 315 12 26.4
 2021 315 14 17.1
 2021 315 16 13.6
 2021 315 18 11.9
 2021 315 20 8.1
 2021 315 22 6.9
 2021 316 0 14.5
 2021 316 2 24.1
 2021 316 4 35.2
 2021 316 6 39.3
 2021 316 8 35.7
 2021 316 10 23.4
 2021 316 12 15.2
 2021 316 14 9.8
 2021 316 16 8.4
 2021 316 18 7.2
 2021 316 20 6.1
 2021 316 22 6.5
 2021 317 0 13.8
 2021 317 2 20.9
 2021 317 4 32.2
 2021 317 6 36.8
 2021 317 8 35.3
 2021 317 10 26.8
 2021 317 12 20.9
 2021 317 14 13.6
 2021 317 16 10.2
 2021 317 18 8.6
 2021 317 20 6.9
 2021 317 22 6.9
 2021 318 0 14.5
 2021 318 2 18.9
 2021 318 4 24.6
 2021 318 6 33.7
 2021 318 8 33.8
 2021 318 10 25.1
 2021 318 12 17.7
 2021 318 14 13.6
 2021 318 16 10.5
 2021 318 18 8.4
 2021 318 20 7.7
 2021 318 22 7.8
 2021 319 0 14.8
 2021 319 2 21.9
 2021 319 4 35.0
 2021 319 6 41.4
 2021 319 8 43.2
 2021 319 10 27.4
 2021 319 12 17.6
 2021 319 14 12.8
 2021 319 16 9.3
 2021 319 18 8.2
 2021 319 20 6.1
 2021 319 22 6.6
 2021 320 0 16.7
 2021 320 2 21.2
 2021 320 4 36.4
 2021 320 6 36.9
 2021 320 8 29.9
 2021 320 10 20.5
 2021 320 12 15.6
 2021 320 14 10.6
 2021 320 16 8.7
 2021 320 18 7.4
 2021 320 20 5.9
 2021 320 22 6.7
 2021 321 0 16.2
 2021 321 2 27.1
 2021 321 4 43.1
 2021 321 6 51.3
 2021 321 8 44.8
 2021 321 10 31.1
 2021 321 12 17.9
 2021 321 14 12.0
 2021 321 16 9.4
 2021 321 18 8.0
 2021 321 20 5.8
 2021 321 22 6.2
 2021 322 0 14.3
 2021 322 2 26.6
 2021 322 4 39.5
 2021 322 6 43.9
 2021 322 8 41.4
 2021 322 10 31.0
 2021 322 12 23.5
 2021 322 14 16.8
 2021 322 16 14.5
 2021 322 18 12.3
 2021 322 20 7.1
 2021 322 22 6.2
 2021 323 0 13.2
 2021 323 2 21.7
 2021 323 4 32.2
 2021 323 6 34.6
 2021 323 8 23.6
 2021 323 10 16.2
 2021 323 12 11.5
 2021 323 14 8.8
 2021 323 16 8.0
 2021 323 18 7.1
 2021 323 20 5.2
 2021 323 22 5.4
 2021 324 0 15.8
 2021 324 2 30.4
 2021 324 4 39.1
 2021 324 6 42.5
 2021 324 8 36.5
 2021 324 10 22.9
 2021 324 12 14.7
 2021 324 14 10.1
 2021 324 16 9.0
 2021 324 18 8.4
 2021 324 20 5.7
 2021 324 22 5.6
 2021 325 0 14.2
 2021 325 2 19.8
 2021 325 4 33.0
 2021 325 6 36.8
 2021 325 8 25.5
 2021 325 10 20.7
 2021 325 12 14.6
 2021 325 14 10.0
 2021 325 16 7.8
 2021 325 18 6.1
 2021 325 20 5.7
 2021 325 22 6.1
 2021 326 0 14.5
 2021 326 2 24.5
 2021 326 4 35.5
 2021 326 6 38.7
 2021 326 8 36.7
 2021 326 10 26.3
 2021 326 12 20.6
 2021 326 14 13.2
 2021 326 16 10.0
 2021 326 18 8.7
 2021 326 20 6.3
 2021 326 22 5.8
 2021 327 0 12.6
 2021 327 2 21.7
 2021 327 4 33.8
 2021 327 6 38.5
 2021 327 8 34.2
 2021 327 10 23.4
 2021 327 12 17.8
 2021 327 14 11.8
 2021 327 16 8.0
 2021 327 18 6.9
 2021 327 20 5.6
 2021 327 22 5.7
 2021 328 0 16.2
 2021 328 2 29.3
 2021 328 4 40.6
 2021 328 6 46.4
 2021 328 8 38.9
 2021 328 10 27.4
 2021 328 12 17.4
 2021 328 14 10.3
 2021 328 16 7.8
 2021 328 18 7.3
 2021 328 20 5.4
 2021 328 22 5.4
 2021 329 0 13.3
 2021 329 2 20.1
 2021 329 4 32.4
 2021 329 6 42.4
 2021 329 8 42.9
 2021 329 10 30.4
 2021 329 12 19.4
 2021 329 14 11.2
 2021 329 16 8.7
 2021 329 18 7.9
 2021 329 20 5.8
 2021 329 22 5.7
 2021 330 0 12.8
 2021 330 2 17.2
 2021 330 4 21.2
 2021 330 6 25.6
 2021 330 8 23.0
 2021 330 10 19.7
 2021 330 12 12.1
 2021 330 14 9.4
 2021 330 16 8.1
 2021 330 18 7.9
 2021 330 20 6.7
 2021 330 22 7.0
 2021 331 0 16.4
 2021 331 2 27.0
 2021 331 4 40.5
 2021 331 6 43.9
 2021 331 8 37.4
 2021 331 10 29.0
 2021 331 12 15.6
 2021 331 14 10.9
 2021 331 16 8.5
 2021 331 18 8.5
 2021 331 20 7.2
 2021 331 22 6.7
 2021 332 0 13.1
 2021 332 2 18.5
 2021 332 4 28.7
 2021 332 6 35.2
 2021 332 8 37.7
 2021 332 10 30.8
 2021 332 12 18.2
 2021 332 14 12.6
 2021 332 16 8.2
 2021 332 18 8.2
 2021 332 20 8.1
 2021 332 22 8.5
 2021 333 0 16.8
 2021 333 2 21.1
 2021 333 4 32.4
 2021 333 6 39.7
 2021 333 8 38.6
 2021 333 10 32.1
 2021 333 12 19.2
 2021 333 14 13.4
 2021 333 16 10.1
 2021 333 18 8.4
 2021 333 20 7.7
 2021 333 22 7.1
 2021 334 0 15.8
 2021 334 2 21.7
 2021 334 4 31.6
 2021 334 6 40.9
 2021 334 8 40.3
 2021 334 10 32.4
 2021 334 12 18.1
 2021 334 14 13.3
 2021 334 16 9.9
 2021 334 18 9.3
 2021 334 20 7.1
 2021 334 22 6.4
 2021 335 0 14.5
 2021 335 2 21.4
 2021 335 4 34.9
 2021 335 6 41.8
 2021 335 8 40.8
 2021 335 10 28.9
 2021 335 12 18.3
 2021 335 14 13.6
 2021 335 16 10.4
 2021 335 18 7.8
 2021 335 20 6.1
 2021 335 22 6.8
 2021 336 0 16.6
 2021 336 2 22.1
 2021 336 4 31.5
 2021 336 6 36.8
 2021 336 8 33.2
 2021 336 10 27.7
 2021 336 12 19.9
 2021 336 14 13.7
 2021 336 16 8.4
 2021 336 18 7.5
 2021 336 20 5.6
 2021 336 22 5.6
 2021 337 0 14.8
 2021 337 2 24.2
 2021 337 4 29.2
 2021 337 6 31.3
 2021 337 8 27.2
 2021 337 10 20.7
 2021 337 12 10.6
 2021 337 14 9.1
 2021 337 16 8.1
 2021 337 18 7.7
 2021 337 20 6.1
 2021 337 22 6.3
 2021 338 0 19.1
 2021 338 2 34.1
 2021 338 4 39.0
 2021 338 6 36.6
 2021 338 8 29.8
 2021 338 10 26.2
 2021 338 12 12.5
 2021 338 14 9.0
 2021 338 16 6.8
 2021 338 18 6.9
 2021 338 20 5.5
 2021 338 22 5.3
 2021 339 0 15.3
 2021 339 2 26.0
 2021 339 4 35.4
 2021 339 6 34.9
 2021 339 8 25.1
 2021 339 10 17.9
 2021 339 12 13.6
 2021 339 14 10.7
 2021 339 16 8.3
 2021 339 18 6.6
 2021 339 20 5.6
 2021 339 22 5.5
 2021 340 0 15.3
 2021 340 2 27.3
 2021 340 4 36.9
 2021 340 6 37.7
 2021 340 8 26.2
 2021 340 10 16.1
 2021 340 12 10.2
 2021 340 14 8.7
 2021 340 16 7.3
 2021 340 18 6.9
 2021 340 20 5.8
 2021 340 22 5.1
 2021 341 0 15.7
 2021 341 2 25.8
 2021 341 4 36.0
 2021 341 6 38.0
 2021 341 8 29.6
 2021 341 10 17.2
 2021 341 12 9.7
 2021 341 14 8.6
 2021 341 16 7.5
 2021 341 18 7.0
 2021 341 20 5.4
 2021 341 22 5.2
 2021 342 0 13.5
 2021 342 2 24.0
 2021 342 4 37.7
 2021 342 6 37.8
 2021 342 8 29.0
 2021 342 10 16.5
 2021 342 12 10.5
 2021 342 14 9.1
 2021 342 16 8.0
 2021 342 18 7.1
 2021 342 20 6.1
 2021 342 22 5.4
 2021 343 0 10.4
 2021 343 2 13.7
 2021 343 4 22.1
 2021 343 6 28.5
 2021 343 8 27.6
 2021 343 10 19.9
 2021 343 12 9.8
 2021 343 14 9.1
 2021 343 16 7.7
 2021 343 18 7.0
 2021 343 20 5.9
 2021 343 22 5.1
 2021 344 0 11.2
 2021 344 2 15.8
 2021 344 4 25.9
 2021 344 6 31.8
 2021 344 8 28.0
 2021 344 10 20.7
 2021 344 12 11.2
 2021 344 14 8.9
 2021 344 16 7.3
 2021 344 18 6.6
 2021 344 20 5.7
 2021 344 22 5.1
 2021 345 0 10.9
 2021 345 2 14.7
 2021 345 4 22.9
 2021 345 6 27.8
 2021 345 8 24.5
 2021 345 10 16.3
 2021 345 12 9.9
 2021 345 14 8.5
 2021 345 16 7.3
 2021 345 18 6.0
 2021 345 20 5.3
 2021 345 22 5.4
 2021 346 0 12.1
 2021 346 2 19.7
 2021 346 4 27.7
 2021 346 6 31.7
 2021 346 8 27.0
 2021 346 10 17.4
 2021 346 12 10.4
 2021 346 14 9.0
 2021 346 16 8.4
 2021 346 18 7.1
 2021 346 20 6.6
 2021 346 22 5.8
 2021 347 0 13.0
 2021 347 2 24.0
 2021 347 4 33.7
 2021 347 6 34.1
 2021 347 8 28.5
 2021 347 10 22.0
 2021 347 12 12.2
 2021 347 14 10.0
 2021 347 16 8.2
 2021 347 18 7.1
 2021 347 20 5.5
 2021 347 22 4.5
 2021 348 0 12.3
 2021 348 2 19.4
 2021 348 4 26.2
 2021 348 6 32.8
 2021 348 8 27.9
 2021 348 10 19.5
 2021 348 12 10.0
 2021 348 14 8.5
 2021 348 16 7.2
 2021 348 18 6.5
 2021 348 20 5.6
 2021 348 22 5.3
 2021 349 0 11.4
 2021 349 2 17.7
 2021 349 4 26.2
 2021 349 6 31.1
 2021 349 8 31.6
 2021 349 10 24.2
 2021 349 12 15.7
 2021 349 14 10.3
 2021 349 16 7.4
 2021 349 18 6.7
 2021 349 20 6.0
 2021 349 22 5.9
 2021 350 0 17.4
 2021 350 2 25.9
 2021 350 4 33.4
 2021 350 6 38.2
 2021 350 8 32.0
 2021 350 10 24.4
 2021 350 12 15.7
 2021 350 14 11.4
 2021 350 16 7.8
 2021 350 18 6.9
 2021 350 20 5.9
 2021 350 22 6.1
 2021 351 0 16.8
 2021 351 2 33.0
 2021 351 4 39.8
 2021 351 6 46.4
 2021 351 8 36.9
 2021 351 10 30.4
 2021 351 12 21.6
 2021 351 14 13.4
 2021 351 16 9.6
 2021 351 18 8.6
 2021 351 20 6.9
 2021 351 22 6.7
 2021 352 0 17.9
 2021 352 2 28.3
 2021 352 4 40.6
 2021 352 6 44.7
 2021 352 8 39.8
 2021 352 10 27.1
 2021 352 12 19.5
 2021 352 14 13.0
 2021 352 16 9.5
 2021 352 18 7.9
 2021 352 20 6.6
 2021 352 22 6.6
 2021 353 0 18.0
 2021 353 2 29.8
 2021 353 4 43.6
 2021 353 6 50.6
 2021 353 8 45.4
 2021 353 10 32.9
 2021 353 12 22.2
 2021 353 14 14.0
 2021 353 16 9.9
 2021 353 18 7.9
 2021 353 20 6.9
 2021 353 22 7.4
 2021 354 0 19.1
 2021 354 2 28.1
 2021 354 4 46.1
 2021 354 6 55.2
 2021 354 8 44.6
 2021 354 10 28.6
 2021 354 12 21.7
 2021 354 14 11.8
 2021 354 16 9.3
 2021 354 18 8.8
 2021 354 20 8.2
 2021 354 22 7.4
 2021 355 0 20.1
 2021 355 2 31.5
 2021 355 4 47.3
 2021 355 6 49.7
 2021 355 8 44.3
 2021 355 10 33.4
 2021 355 12 24.6
 2021 355 14 13.6
 2021 355 16 9.2
 2021 355 18 8.7
 2021 355 20 6.4
 2021 355 22 6.9
 2021 356 0 21.5
 2021 356 2 39.7
 2021 356 4 49.4
 2021 356 6 53.7
 2021 356 8 43.4
 2021 356 10 30.2
 2021 356 12 23.3
 2021 356 14 14.0
 2021 356 16 11.2
 2021 356 18 9.4
 2021 356 20 6.1
 2021 356 22 7.2
 2021 357 0 19.0
 2021 357 2 26.6
 2021 357 4 47.0
 2021 357 6 52.3
 2021 357 8 49.6
 2021 357 10 38.2
 2021 357 12 24.9
 2021 357 14 15.2
 2021 357 16 9.9
 2021 357 18 7.4
 2021 357 20 5.9
 2021 357 22 6.3
 2021 358 0 17.6
 2021 358 2 25.1
 2021 358 4 44.1
 2021 358 6 54.4
 2021 358 8 49.3
 2021 358 10 32.0
 2021 358 12 20.3
 2021 358 14 12.8
 2021 358 16 8.9
 2021 358 18 7.7
 2021 358 20 7.2
 2021 358 22 7.6
 2021 359 0 18.0
 2021 359 2 29.2
 2021 359 4 47.0
 2021 359 6 54.0
 2021 359 8 49.2
 2021 359 10 34.9
 2021 359 12 22.8
 2021 359 14 13.6
 2021 359 16 9.8
 2021 359 18 9.0
 2021 359 20 8.1
 2021 359 22 7.1
 2021 360 0 19.9
 2021 360 2 29.4
 2021 360 4 49.1
 2021 360 6 58.0
 2021 360 8 51.9
 2021 360 10 39.4
 2021 360 12 25.5
 2021 360 14 14.0
 2021 360 16 9.0
 2021 360 18 7.6
 2021 360 20 6.5
 2021 360 22 6.6
 2021 361 0 17.4
 2021 361 2 26.1
 2021 361 4 46.5
 2021 361 6 51.9
 2021 361 8 47.1
 2021 361 10 33.1
 2021 361 12 22.8
 2021 361 14 14.4
 2021 361 16 9.6
 2021 361 18 7.3
 2021 361 20 5.8
 2021 361 22 6.1
 2021 362 0 19.6
 2021 362 2 30.7
 2021 362 4 45.6
 2021 362 6 53.4
 2021 362 8 45.9
 2021 362 10 33.5
 2021 362 12 25.0
 2021 362 14 15.0
 2021 362 16 11.3
 2021 362 18 10.5
 2021 362 20 8.9
 2021 362 22 7.2
 2021 363 0 20.5
 2021 363 2 28.7
 2021 363 4 46.0
 2021 363 6 47.6
 2021 363 8 44.0
 2021 363 10 32.8
 2021 363 12 20.7
 2021 363 14 12.1
 2021 363 16 9.4
 2021 363 18 8.8
 2021 363 20 7.5
 2021 363 22 6.4
 2021 364 0 19.7
 2021 364 2 25.8
 2021 364 4 35.2
 2021 364 6 42.1
 2021 364 8 41.5
 2021 364 10 33.5
 2021 364 12 23.6
 2021 364 14 11.9
 2021 364 16 8.6
 2021 364 18 8.1
 2021 364 20 6.4
 2021 364 22 5.6
 2021 365 0 17.6
 2021 365 2 23.5
 2021 365 4 32.2
 2021 365 6 37.3
 2021 365 8 33.6
 2021 365 10 23.8
 2021 365 12 18.7
 2021 365 14 13.5
 2021 365 16 9.3
 2021 365 18 8.6
 2021 365 20 6.3
 2021 365 22 5.7
 2022 1 0 19.4
 2022 1 2 32.7
 2022 1 4 35.7
 2022 1 6 38.3
 2022 1 8 35.6
 2022 1 10 26.7
 2022 1 12 17.2
 2022 1 14 11.6
 2022 1 16 10.8
 2022 1 18 7.7
 2022 1 20 6.1
 2022 1 22 5.9
 2022 2 0 17.1
 2022 2 2 29.3
 2022 2 4 34.1
 2022 2 6 34.7
 2022 2 8 29.1
 2022 2 10 22.8
 2022 2 12 15.0
 2022 2 14 9.8
 2022 2 16 8.6
 2022 2 18 8.0
 2022 2 20 6.2
 2022 2 22 5.1
 2022 3 0 18.4
 2022 3 2 29.7
 2022 3 4 42.1
 2022 3 6 43.0
 2022 3 8 30.6
 2022 3 10 21.4
 2022 3 12 13.5
 2022 3 14 8.4
 2022 3 16 7.0
 2022 3 18 6.9
 2022 3 20 5.8
 2022 3 22 5.5
 2022 4 0 15.9
 2022 4 2 27.6
 2022 4 4 37.6
 2022 4 6 40.6
 2022 4 8 35.2
 2022 4 10 22.9
 2022 4 12 15.0
 2022 4 14 10.1
 2022 4 16 7.3
 2022 4 18 6.3
 2022 4 20 5.1
 2022 4 22 4.3
 2022 5 0 14.4
 2022 5 2 24.9
 2022 5 4 33.1
 2022 5 6 34.0
 2022 5 8 25.2
 2022 5 10 19.2
 2022 5 12 12.0
 2022 5 14 7.5
 2022 5 16 6.2
 2022 5 18 6.6
 2022 5 20 5.7
 2022 5 22 5.3
 2022 6 0 13.7
 2022 6 2 24.6
 2022 6 4 36.2
 2022 6 6 38.0
 2022 6 8 27.4
 2022 6 10 16.5
 2022 6 12 12.1
 2022 6 14 7.2
 2022 6 16 5.9
 2022 6 18 5.3
 2022 6 20 4.4
 2022 6 22 3.9
 2022 7 0 11.4
 2022 7 2 16.3
 2022 7 4 31.3
 2022 7 6 38.5
 2022 7 8 31.1
 2022 7 10 18.3
 2022 7 12 12.7
 2022 7 14 6.9
 2022 7 16 5.7
 2022 7 18 5.7
 2022 7 20 4.9
 2022 7 22 4.5
 2022 8 0 12.4
 2022 8 2 16.2
 2022 8 4 24.6
 2022 8 6 27.6
 2022 8 8 21.4
 2022 8 10 14.1
 2022 8 12 11.4
 2022 8 14 7.1
 2022 8 16 6.0
 2022 8 18 6.4
 2022 8 20 6.5
 2022 8 22 6.4
 2022 9 0 15.5
 2022 9 2 19.1
 2022 9 4 39.4
 2022 9 6 46.4
 2022 9 8 42.2
 2022 9 10 24.9
 2022 9 12 16.6
 2022 9 14 10.5
 2022 9 16 7.8
 2022 9 18 7.0
 2022 9 20 5.7
 2022 9 22 5.2
 2022 10 0 13.9
 2022 10 2 19.7
 2022 10 4 28.0
 2022 10 6 35.1
 2022 10 8 26.9
 2022 10 10 20.0
 2022 10 12 13.8
 2022 10 14 9.7
 2022 10 16 7.7
 2022 10 18 8.1
 2022 10 20 7.7
 2022 10 22 7.0
 2022 11 0 15.7
 2022 11 2 25.1
 2022 11 4 35.7
 2022 11 6 41.4
 2022 11 8 36.7
 2022 11 10 28.1
 2022 11 12 20.1
 2022 11 14 10.8
 2022 11 16 7.8
 2022 11 18 7.2
 2022 11 20 6.5
 2022 11 22 5.8
 2022 12 0 15.8
 2022 12 2 24.7
 2022 12 4 29.3
 2022 12 6 34.1
 2022 12 8 30.7
 2022 12 10 25.6
 2022 12 12 16.9
 2022 12 14 11.8
 2022 12 16 7.8
 2022 12 18 7.3
 2022 12 20 6.8
 2022 12 22 5.8
 2022 13 0 15.7
 2022 13 2 22.2
 2022 13 4 32.7
 2022 13 6 38.7
 2022 13 8 38.5
 2022 13 10 29.3
 2022 13 12 20.3
 2022 13 14 11.5
 2022 13 16 7.8
 2022 13 18 7.6
 2022 13 20 7.2
 2022 13 22 6.4
 2022 14 0 16.0
 2022 14 2 25.1
 2022 14 4 31.9
 2022 14 6 38.1
 2022 14 8 35.6
 2022 14 10 27.9
 2022 14 12 20.5
 2022 14 14 16.7
 2022 14 16 10.7
 2022 14 18 8.4
 2022 14 20 7.2
 2022 14 22 7.7
 2022 15 0 17.9
 2022 15 2 27.7
 2022 15 4 36.5
 2022 15 6 39.6
 2022 15 8 33.0
 2022 15 10 18.7
 2022 15 12 21.7
 2022 15 14 11.3
 2022 15 16 9.0
 2022 15 18 7.6
 2022 15 20 7.2
 2022 15 22 7.7
 2022 16 0 23.5
 2022 16 2 42.5
 2022 16 4 45.7
 2022 16 6 45.0
 2022 16 8 35.2
 2022 16 10 25.1
 2022 16 12 20.0
 2022 16 14 16.2
 2022 16 16 9.7
 2022 16 18 7.9
 2022 16 20 7.4
 2022 16 22 7.6
 2022 17 0 18.2
 2022 17 2 33.8
 2022 17 4 45.6
 2022 17 6 46.2
 2022 17 8 36.8
 2022 17 10 27.0
 2022 17 12 17.8
 2022 17 14 13.2
 2022 17 16 9.9
 2022 17 18 9.0
 2022 17 20 6.1
 2022 17 22 6.1
 2022 18 0 18.6
 2022 18 2 25.2
 2022 18 4 37.2
 2022 18 6 42.5
 2022 18 8 42.6
 2022 18 10 28.6
 2022 18 12 17.6
 2022 18 14 12.3
 2022 18 16 8.7
 2022 18 18 8.4
 2022 18 20 7.4
 2022 18 22 7.3
 2022 19 0 15.6
 2022 19 2 23.4
 2022 19 4 35.1
 2022 19 6 37.8
 2022 19 8 36.4
 2022 19 10 32.3
 2022 19 12 22.5
 2022 19 14 16.2
 2022 19 16 9.2
 2022 19 18 8.1
 2022 19 20 8.1
 2022 19 22 8.0
 2022 20 0 17.0
 2022 20 2 27.9
 2022 20 4 42.4
 2022 20 6 49.3
 2022 20 8 48.6
 2022 20 10 34.4
 2022 20 12 20.9
 2022 20 14 13.0
 2022 20 16 8.9
 2022 20 18 7.8
 2022 20 20 5.9
 2022 20 22 5.0
 2022 21 0 15.7
 2022 21 2 25.1
 2022 21 4 33.1
 2022 21 6 39.6
 2022 21 8 42.5
 2022 21 10 26.7
 2022 21 12 15.1
 2022 21 14 10.9
 2022 21 16 7.7
 2022 21 18 7.7
 2022 21 20 7.2
 2022 21 22 6.8
 2022 22 0 16.8
 2022 22 2 28.7
 2022 22 4 36.7
 2022 22 6 47.7
 2022 22 8 49.0
 2022 22 10 41.5
 2022 22 12 30.5
 2022 22 14 19.0
 2022 22 16 12.5
 2022 22 18 10.0
 2022 22 20 7.8
 2022 22 22 6.9
 2022 23 0 18.2
 2022 23 2 26.4
 2022 23 4 35.9
 2022 23 6 46.4
 2022 23 8 49.5
 2022 23 10 35.8
 2022 23 12 24.9
 2022 23 14 15.8
 2022 23 16 10.0
 2022 23 18 7.7
 2022 23 20 6.9
 2022 23 22 6.5
 2022 24 0 16.7
 2022 24 2 23.5
 2022 24 4 27.5
 2022 24 6 34.6
 2022 24 8 38.0
 2022 24 10 33.3
 2022 24 12 21.3
 2022 24 14 13.6
 2022 24 16 10.2
 2022 24 18 8.5
 2022 24 20 7.9
 2022 24 22 8.3
 2022 25 0 15.7
 2022 25 2 21.3
 2022 25 4 30.1
 2022 25 6 39.2
 2022 25 8 43.7
 2022 25 10 44.3
 2022 25 12 30.8
 2022 25 14 17.3
 2022 25 16 10.1
 2022 25 18 7.8
 2022 25 20 6.9
 2022 25 22 6.6
 2022 26 0 19.1
 2022 26 2 37.2
 2022 26 4 48.9
 2022 26 6 55.5
 2022 26 8 52.5
 2022 26 10 41.6
 2022 26 12 25.7
 2022 26 14 16.2
 2022 26 16 9.0
 2022 26 18 6.8
 2022 26 20 5.9
 2022 26 22 5.9
 2022 27 0 17.4
 2022 27 2 20.0
 2022 27 4 28.6
 2022 27 6 40.5
 2022 27 8 44.4
 2022 27 10 41.8
 2022 27 12 31.1
 2022 27 14 17.1
 2022 27 16 9.6
 2022 27 18 7.7
 2022 27 20 7.0
 2022 27 22 6.8
 2022 28 0 18.1
 2022 28 2 26.5
 2022 28 4 40.8
 2022 28 6 49.8
 2022 28 8 49.6
 2022 28 10 42.2
 2022 28 12 30.8
 2022 28 14 17.4
 2022 28 16 11.9
 2022 28 18 10.3
 2022 28 20 7.5
 2022 28 22 7.4
 2022 29 0 16.6
 2022 29 2 23.1
 2022 29 4 31.6
 2022 29 6 45.4
 2022 29 8 47.2
 2022 29 10 41.1
 2022 29 12 30.7
 2022 29 14 20.2
 2022 29 16 14.0
 2022 29 18 11.1
 2022 29 20 8.4
 2022 29 22 8.0
 2022 30 0 21.5
 2022 30 2 27.9
 2022 30 4 32.9
 2022 30 6 41.1
 2022 30 8 43.7
 2022 30 10 40.3
 2022 30 12 33.8
 2022 30 14 20.1
 2022 30 16 14.5
 2022 30 18 10.4
 2022 30 20 6.8
 2022 30 22 6.7
 2022 31 0 20.4
 2022 31 2 33.2
 2022 31 4 42.5
 2022 31 6 57.9
 2022 31 8 55.4
 2022 31 10 45.5
 2022 31 12 27.8
 2022 31 14 17.6
 2022 31 16 11.4
 2022 31 18 9.3
 2022 31 20 7.8
 2022 31 22 7.4
 2022 32 0 21.6
 2022 32 2 34.0
 2022 32 4 42.4
 2022 32 6 43.0
 2022 32 8 35.8
 2022 32 10 30.9
 2022 32 12 24.6
 2022 32 14 16.2
 2022 32 16 11.1
 2022 32 18 8.9
 2022 32 20 7.5
 2022 32 22 6.7
 2022 33 0 21.8
 2022 33 2 39.4
 2022 33 4 52.1
 2022 33 6 59.0
 2022 33 8 56.9
 2022 33 10 49.2
 2022 33 12 34.2
 2022 33 14 21.8
 2022 33 16 14.7
 2022 33 18 11.8
 2022 33 20 9.5
 2022 33 22 7.1
 2022 34 0 21.2
 2022 34 2 29.6
 2022 34 4 43.0
 2022 34 6 47.1
 2022 34 8 44.8
 2022 34 10 45.0
 2022 34 12 37.5
 2022 34 14 23.1
 2022 34 16 13.8
 2022 34 18 11.4
 2022 34 20 9.2
 2022 34 22 8.4
 2022 35 0 27.3
 2022 35 2 37.5
 2022 35 4 48.6
 2022 35 6 46.6
 2022 35 8 41.5
 2022 35 10 34.1
 2022 35 12 28.7
 2022 35 14 21.2
 2022 35 16 15.9
 2022 35 18 11.3
 2022 35 20 7.7
 2022 35 22 9.0
 2022 36 0 20.4
 2022 36 2 33.7
 2022 36 4 52.1
 2022 36 6 59.3
 2022 36 8 52.2
 2022 36 10 34.8
 2022 36 12 23.5
 2022 36 14 13.3
 2022 36 16 10.1
 2022 36 18 8.9
 2022 36 20 7.0
 2022 36 22 6.6
 2022 37 0 17.4
 2022 37 2 33.0
 2022 37 4 44.6
 2022 37 6 56.8
 2022 37 8 57.6
 2022 37 10 45.3
 2022 37 12 33.8
 2022 37 14 21.3
 2022 37 16 13.5
 2022 37 18 9.7
 2022 37 20 7.8
 2022 37 22 7.9
 2022 38 0 17.7
 2022 38 2 27.8
 2022 38 4 43.5
 2022 38 6 55.8
 2022 38 8 56.5
 2022 38 10 50.7
 2022 38 12 38.6
 2022 38 14 23.7
 2022 38 16 13.6
 2022 38 18 11.1
 2022 38 20 8.9
 2022 38 22 7.3
 2022 39 0 17.8
 2022 39 2 29.2
 2022 39 4 43.6
 2022 39 6 48.3
 2022 39 8 50.9
 2022 39 10 50.4
 2022 39 12 37.2
 2022 39 14 22.5
 2022 39 16 16.0
 2022 39 18 12.4
 2022 39 20 9.2
 2022 39 22 8.1
 2022 40 0 19.0
 2022 40 2 35.6
 2022 40 4 48.8
 2022 40 6 52.0
 2022 40 8 51.2
 2022 40 10 38.6
 2022 40 12 29.7
 2022 40 14 17.2
 2022 40 16 9.9
 2022 40 18 8.6
 2022 40 20 8.1
 2022 40 22 8.1
 2022 41 0 18.5
 2022 41 2 30.1
 2022 41 4 43.9
 2022 41 6 58.1
 2022 41 8 59.4
 2022 41 10 56.2
 2022 41 12 35.1
 2022 41 14 19.7
 2022 41 16 11.7
 2022 41 18 9.9
 2022 41 20 9.4
 2022 41 22 10.4
 2022 42 0 25.1
 2022 42 2 33.6
 2022 42 4 41.3
 2022 42 6 45.9
 2022 42 8 41.1
 2022 42 10 42.5
 2022 42 12 34.9
 2022 42 14 18.7
 2022 42 16 12.4
 2022 42 18 11.5
 2022 42 20 9.4
 2022 42 22 10.1
 2022 43 0 21.0
 2022 43 2 29.5
 2022 43 4 47.8
 2022 43 6 60.2
 2022 43 8 68.9
 2022 43 10 64.8
 2022 43 12 43.4
 2022 43 14 26.2
 2022 43 16 17.8
 2022 43 18 14.6
 2022 43 20 10.6
 2022 43 22 10.7
 2022 44 0 21.0
 2022 44 2 31.1
 2022 44 4 40.5
 2022 44 6 50.0
 2022 44 8 54.0
 2022 44 10 54.9
 2022 44 12 39.6
 2022 44 14 26.5
 2022 44 16 19.3
 2022 44 18 18.1
 2022 44 20 11.2
 2022 44 22 9.6
 2022 45 0 21.6
 2022 45 2 32.4
 2022 45 4 46.4
 2022 45 6 61.2
 2022 45 8 59.0
 2022 45 10 56.2
 2022 45 12 34.8
 2022 45 14 22.5
 2022 45 16 17.0
 2022 45 18 13.6
 2022 45 20 10.4
 2022 45 22 9.0
 2022 46 0 22.8
 2022 46 2 37.7
 2022 46 4 46.2
 2022 46 6 47.4
 2022 46 8 45.2
 2022 46 10 39.0
 2022 46 12 32.7
 2022 46 14 21.5
 2022 46 16 15.2
 2022 46 18 13.1
 2022 46 20 9.7
 2022 46 22 7.8
 2022 47 0 20.9
 2022 47 2 39.1
 2022 47 4 60.1
 2022 47 6 61.0
 2022 47 8 57.8
 2022 47 10 46.8
 2022 47 12 31.9
 2022 47 14 18.2
 2022 47 16 13.2
 2022 47 18 12.1
 2022 47 20 7.8
 2022 47 22 6.8
 2022 48 0 22.9
 2022 48 2 38.7
 2022 48 4 46.6
 2022 48 6 48.1
 2022 48 8 44.1
 2022 48 10 38.9
 2022 48 12 24.0
 2022 48 14 17.1
 2022 48 16 13.9
 2022 48 18 12.1
 2022 48 20 8.3
 2022 48 22 6.4
 2022 49 0 19.0
 2022 49 2 38.3
 2022 49 4 57.3
 2022 49 6 66.3
 2022 49 8 58.5
 2022 49 10 45.6
 2022 49 12 29.8
 2022 49 14 16.9
 2022 49 16 12.8
 2022 49 18 10.5
 2022 49 20 7.1
 2022 49 22 7.3
 2022 50 0 17.3
 2022 50 2 33.5
 2022 50 4 49.8
 2022 50 6 55.0
 2022 50 8 44.9
 2022 50 10 41.6
 2022 50 12 32.6
 2022 50 14 19.5
 2022 50 16 13.5
 2022 50 18 9.6
 2022 50 20 7.9
 2022 50 22 7.5
 2022 51 0 19.2
 2022 51 2 34.4
 2022 51 4 45.5
 2022 51 6 54.9
 2022 51 8 53.9
 2022 51 10 51.7
 2022 51 12 39.7
 2022 51 14 23.3
 2022 51 16 14.1
 2022 51 18 11.4
 2022 51 20 9.7
 2022 51 22 8.4
 2022 52 0 16.9
 2022 52 2 28.2
 2022 52 4 42.3
 2022 52 6 47.8
 2022 52 8 44.2
 2022 52 10 42.2
 2022 52 12 29.7
 2022 52 14 18.5
 2022 52 16 13.1
 2022 52 18 10.4
 2022 52 20 8.2
 2022 52 22 6.9
 2022 53 0 20.3
 2022 53 2 36.8
 2022 53 4 57.1
 2022 53 6 60.7
 2022 53 8 53.3
 2022 53 10 43.1
 2022 53 12 28.3
 2022 53 14 15.9
 2022 53 16 12.6
 2022 53 18 10.6
 2022 53 20 7.3
 2022 53 22 6.8
 2022 54 0 19.3
 2022 54 2 32.1
 2022 54 4 52.0
 2022 54 6 65.4
 2022 54 8 60.3
 2022 54 10 47.2
 2022 54 12 31.4
 2022 54 14 17.0
 2022 54 16 11.2
 2022 54 18 10.6
 2022 54 20 9.3
 2022 54 22 9.2
 2022 55 0 19.4
 2022 55 2 31.7
 2022 55 4 45.6
 2022 55 6 53.6
 2022 55 8 52.9
 2022 55 10 41.8
 2022 55 12 28.3
 2022 55 14 14.9
 2022 55 16 11.1
 2022 55 18 10.1
 2022 55 20 8.2
 2022 55 22 8.0
 2022 56 0 19.0
 2022 56 2 35.7
 2022 56 4 58.7
 2022 56 6 68.3
 2022 56 8 61.8
 2022 56 10 48.7
 2022 56 12 31.6
 2022 56 14 18.5
 2022 56 16 14.8
 2022 56 18 12.1
 2022 56 20 7.8
 2022 56 22 7.1
 2022 57 0 19.6
 2022 57 2 36.2
 2022 57 4 55.0
 2022 57 6 60.0
 2022 57 8 51.5
 2022 57 10 40.2
 2022 57 12 35.0
 2022 57 14 23.5
 2022 57 16 17.9
 2022 57 18 13.5
 2022 57 20 8.8
 2022 57 22 7.0
 2022 58 0 18.2
 2022 58 2 31.8
 2022 58 4 47.3
 2022 58 6 54.2
 2022 58 8 47.4
 2022 58 10 34.8
 2022 58 12 28.1
 2022 58 14 21.4
 2022 58 16 16.8
 2022 58 18 12.2
 2022 58 20 9.4
 2022 58 22 9.1
 2022 59 0 20.4
 2022 59 2 34.7
 2022 59 4 49.4
 2022 59 6 55.4
 2022 59 8 46.5
 2022 59 10 35.1
 2022 59 12 29.1
 2022 59 14 18.6
 2022 59 16 13.7
 2022 59 18 11.3
 2022 59 20 8.8
 2022 59 22 8.7
 2022 60 0 21.7
 2022 60 2 39.3
 2022 60 4 53.9
 2022 60 6 60.3
 2022 60 8 55.8
 2022 60 10 43.9
 2022 60 12 34.2
 2022 60 14 24.2
 2022 60 16 19.1
 2022 60 18 13.3
 2022 60 20 8.1
 2022 60 22 7.0
 2022 61 0 18.3
 2022 61 2 34.6
 2022 61 4 53.9
 2022 61 6 63.3
 2022 61 8 57.3
 2022 61 10 46.4
 2022 61 12 36.9
 2022 61 14 27.9
 2022 61 16 19.2
 2022 61 18 14.6
 2022 61 20 10.0
 2022 61 22 7.7
 2022 62 0 18.9
 2022 62 2 37.6
 2022 62 4 63.9
 2022 62 6 69.9
 2022 62 8 57.6
 2022 62 10 44.9
 2022 62 12 38.1
 2022 62 14 27.7
 2022 62 16 20.4
 2022 62 18 16.5
 2022 62 20 9.8
 2022 62 22 7.3
 2022 63 0 18.2
 2022 63 2 31.4
 2022 63 4 53.5
 2022 63 6 67.3
 2022 63 8 59.2
 2022 63 10 50.8
 2022 63 12 39.8
 2022 63 14 24.6
 2022 63 16 15.8
 2022 63 18 13.0
 2022 63 20 11.5
 2022 63 22 11.3
 2022 64 0 24.1
 2022 64 2 40.7
 2022 64 4 63.2
 2022 64 6 73.1
 2022 64 8 69.6
 2022 64 10 57.7
 2022 64 12 47.4
 2022 64 14 34.9
 2022 64 16 26.7
 2022 64 18 19.5
 2022 64 20 11.1
 2022 64 22 10.9
 2022 65 0 26.1
 2022 65 2 43.4
 2022 65 4 60.4
 2022 65 6 75.7
 2022 65 8 74.9
 2022 65 10 69.7
 2022 65 12 45.8
 2022 65 14 24.9
 2022 65 16 20.2
 2022 65 18 14.2
 2022 65 20 8.8
 2022 65 22 9.2
 2022 66 0 22.5
 2022 66 2 40.1
 2022 66 4 61.0
 2022 66 6 68.7
 2022 66 8 63.0
 2022 66 10 58.9
 2022 66 12 46.7
 2022 66 14 31.2
 2022 66 16 22.1
 2022 66 18 17.4
 2022 66 20 14.8
 2022 66 22 13.4
 2022 67 0 26.7
 2022 67 2 44.9
 2022 67 4 66.7
 2022 67 6 75.7
 2022 67 8 73.1
 2022 67 10 68.5
 2022 67 12 53.4
 2022 67 14 28.2
 2022 67 16 19.2
 2022 67 18 15.8
 2022 67 20 10.2
 2022 67 22 8.9
 2022 68 0 20.4
 2022 68 2 36.6
 2022 68 4 60.3
 2022 68 6 74.5
 2022 68 8 75.7
 2022 68 10 68.6
 2022 68 12 48.3
 2022 68 14 31.9
 2022 68 16 21.5
 2022 68 18 16.9
 2022 68 20 9.6
 2022 68 22 9.2
 2022 69 0 22.0
 2022 69 2 37.1
 2022 69 4 57.1
 2022 69 6 68.8
 2022 69 8 72.8
 2022 69 10 66.3
 2022 69 12 53.7
 2022 69 14 36.7
 2022 69 16 27.3
 2022 69 18 21.5
 2022 69 20 12.8
 2022 69 22 12.2
 2022 70 0 24.8
 2022 70 2 48.8
 2022 70 4 68.9
 2022 70 6 79.7
 2022 70 8 81.8
 2022 70 10 69.5
 2022 70 12 52.4
 2022 70 14 32.8
 2022 70 16 22.3
 2022 70 18 21.3
 2022 70 20 9.9
 2022 70 22 10.0
 2022 71 0 24.8
 2022 71 2 45.4
 2022 71 4 62.7
 2022 71 6 78.2
 2022 71 8 85.9
 2022 71 10 75.6
 2022 71 12 64.7
 2022 71 14 46.7
 2022 71 16 31.6
 2022 71 18 20.9
 2022 71 20 11.4
 2022 71 22 11.0
 2022 72 0 23.5
 2022 72 2 41.0
 2022 72 4 60.3
 2022 72 6 74.8
 2022 72 8 68.8
 2022 72 10 59.2
 2022 72 12 55.4
 2022 72 14 41.9
 2022 72 16 34.3
 2022 72 18 21.9
 2022 72 20 14.8
 2022 72 22 16.7
 2022 73 0 37.6
 2022 73 2 50.6
 2022 73 4 57.2
 2022 73 6 68.6
 2022 73 8 73.7
 2022 73 10 62.2
 2022 73 12 50.2
 2022 73 14 40.8
 2022 73 16 31.8
 2022 73 18 19.7
 2022 73 20 10.1
 2022 73 22 11.5
 2022 74 0 25.2
 2022 74 2 42.9
 2022 74 4 63.6
 2022 74 6 71.7
 2022 74 8 66.0
 2022 74 10 54.1
 2022 74 12 47.0
 2022 74 14 31.6
 2022 74 16 22.5
 2022 74 18 18.5
 2022 74 20 9.9
 2022 74 22 11.3
 2022 75 0 24.3
 2022 75 2 47.1
 2022 75 4 68.1
 2022 75 6 82.4
 2022 75 8 72.9
 2022 75 10 48.5
 2022 75 12 38.3
 2022 75 14 27.1
 2022 75 16 22.1
 2022 75 18 18.3
 2022 75 20 10.3
 2022 75 22 11.4
 2022 76 0 22.9
 2022 76 2 46.6
 2022 76 4 69.4
 2022 76 6 79.7
 2022 76 8 76.1
 2022 76 10 54.9
 2022 76 12 44.0
 2022 76 14 32.7
 2022 76 16 23.7
 2022 76 18 19.2
 2022 76 20 8.9
 2022 76 22 9.7
 2022 77 0 22.8
 2022 77 2 42.6
 2022 77 4 63.3
 2022 77 6 68.4
 2022 77 8 63.3
 2022 77 10 47.7
 2022 77 12 40.6
 2022 77 14 26.5
 2022 77 16 20.5
 2022 77 18 18.3
 2022 77 20 10.3
 2022 77 22 9.9
 2022 78 0 20.6
 2022 78 2 36.5
 2022 78 4 60.8
 2022 78 6 68.7
 2022 78 8 65.6
 2022 78 10 51.9
 2022 78 12 40.9
 2022 78 14 28.1
 2022 78 16 21.1
 2022 78 18 19.0
 2022 78 20 10.1
 2022 78 22 10.3
 2022 79 0 20.7
 2022 79 2 34.5
 2022 79 4 56.4
 2022 79 6 65.7
 2022 79 8 66.9
 2022 79 10 54.6
 2022 79 12 41.8
 2022 79 14 27.7
 2022 79 16 20.5
 2022 79 18 18.2
 2022 79 20 11.4
 2022 79 22 10.7
 2022 80 0 20.6
 2022 80 2 37.4
 2022 80 4 60.5
 2022 80 6 69.7
 2022 80 8 63.7
 2022 80 10 52.8
 2022 80 12 43.1
 2022 80 14 29.4
 2022 80 16 21.0
 2022 80 18 16.9
 2022 80 20 10.2
 2022 80 22 10.8
 2022 81 0 22.6
 2022 81 2 39.8
 2022 81 4 66.3
 2022 81 6 72.8
 2022 81 8 65.7
 2022 81 10 54.3
 2022 81 12 46.3
 2022 81 14 37.2
 2022 81 16 30.1
 2022 81 18 24.0
 2022 81 20 15.3
 2022 81 22 12.4
 2022 82 0 24.4
 2022 82 2 40.1
 2022 82 4 62.4
 2022 82 6 75.0
 2022 82 8 70.8
 2022 82 10 56.1
 2022 82 12 43.0
 2022 82 14 35.9
 2022 82 16 31.1
 2022 82 18 22.5
 2022 82 20 10.1
 2022 82 22 10.7
 2022 83 0 24.7
 2022 83 2 42.2
 2022 83 4 56.8
 2022 83 6 71.4
 2022 83 8 69.5
 2022 83 10 51.1
 2022 83 12 35.8
 2022 83 14 30.1
 2022 83 16 24.3
 2022 83 18 14.7
 2022 83 20 9.3
 2022 83 22 10.3
 2022 84 0 25.1
 2022 84 2 40.0
 2022 84 4 59.2
 2022 84 6 71.8
 2022 84 8 71.7
 2022 84 10 54.0
 2022 84 12 40.6
 2022 84 14 31.1
 2022 84 16 23.9
 2022 84 18 16.1
 2022 84 20 9.2
 2022 84 22 11.0
 2022 85 0 24.3
 2022 85 2 40.4
 2022 85 4 57.7
 2022 85 6 57.0
 2022 85 8 51.9
 2022 85 10 46.2
 2022 85 12 37.4
 2022 85 14 28.6
 2022 85 16 24.6
 2022 85 18 16.8
 2022 85 20 9.2
 2022 85 22 11.5
 2022 86 0 25.9
 2022 86 2 43.3
 2022 86 4 65.7
 2022 86 6 77.3
 2022 86 8 82.0
 2022 86 10 61.4
 2022 86 12 45.8
 2022 86 14 38.2
 2022 86 16 31.6
 2022 86 18 16.9
 2022 86 20 9.8
 2022 86 22 12.0
 2022 87 0 29.4
 2022 87 2 53.1
 2022 87 4 76.3
 2022 87 6 80.8
 2022 87 8 74.3
 2022 87 10 62.8
 2022 87 12 52.9
 2022 87 14 37.5
 2022 87 16 32.2
 2022 87 18 25.1
 2022 87 20 9.7
 2022 87 22 11.5
 2022 88 0 27.3
 2022 88 2 50.9
 2022 88 4 80.1
 2022 88 6 92.3
 2022 88 8 93.3
 2022 88 10 79.7
 2022 88 12 60.4
 2022 88 14 46.2
 2022 88 16 39.5
 2022 88 18 31.5
 2022 88 20 12.4
 2022 88 22 13.5
 2022 89 0 30.2
 2022 89 2 58.0
 2022 89 4 81.4
 2022 89 6 86.1
 2022 89 8 89.5
 2022 89 10 74.2
 2022 89 12 58.3
 2022 89 14 45.6
 2022 89 16 41.3
 2022 89 18 26.7
 2022 89 20 11.4
 2022 89 22 13.1
 2022 90 0 29.0
 2022 90 2 52.3
 2022 90 4 81.3
 2022 90 6 93.6
 2022 90 8 94.4
 2022 90 10 66.0
 2022 90 12 47.0
 2022 90 14 35.1
 2022 90 16 33.0
 2022 90 18 25.5
 2022 90 20 16.1
 2022 90 22 16.3
