 year doy hour Kp
 2021 1 0 0
 2021 1 3 0
 2021 1 6 1
 2021 1 9 0
 2021 1 12 1
 2021 1 15 2
 2021 1 18 2
 2021 1 21 1
 2021 2 0 0
 2021 2 3 0
 2021 2 6 0
 2021 2 9 0
 2021 2 12 0
 2021 2 15 -1
 2021 2 18 -1
 2021 2 21 -1
 2021 3 0 0
 2021 3 3 0
 2021 3 6 0
 2021 3 9 0
 2021 3 12 1
 2021 3 15 1
 2021 3 18 0
 2021 3 21 0
 2021 4 0 0
 2021 4 3 0
 2021 4 6 1
 2021 4 9 1
 2021 4 12 2
 2021 4 15 2
 2021 4 18 1
 2021 4 21 1
 2021 5 0 1
 2021 5 3 0
 2021 5 6 1
 2021 5 9 0
 2021 5 12 4
 2021 5 15 3
 2021 5 18 2
 2021 5 21 3
 2021 6 0 3
 2021 6 3 2
 2021 6 6 4
 2021 6 9 2
 2021 6 12 2
 2021 6 15 1
 2021 6 18 1
 2021 6 21 0
 2021 7 0 1
 2021 7 3 2
 2021 7 6 1
 2021 7 9 0
 2021 7 12 1
 2021 7 15 1
 2021 7 18 1
 2021 7 21 2
 2021 8 0 0
 2021 8 3 0
 2021 8 6 0
 2021 8 9 0
 2021 8 12 1
 2021 8 15 1
 2021 8 18 1
 2021 8 21 0
 2021 9 0 1
 2021 9 3 1
 2021 9 6 0
 2021 9 9 1
 2021 9 12 1
 2021 9 15 1
 2021 9 18 0
 2021 9 21 0
 2021 10 0 0
 2021 10 3 1
 2021 10 6 1
 2021 10 9 1
 2021 10 12 1
 2021 10 15 2
 2021 10 18 1
 2021 10 21 0
 2021 11 0 1
 2021 11 3 0
 2021 11 6 0
 2021 11 9 2
 2021 11 12 4
 2021 11 15 3
 2021 11 18 3
 2021 11 21 3
 2021 12 0 3
 2021 12 3 3
 2021 12 6 2
 2021 12 9 2
 2021 12 12 1
 2021 12 15 2
 2021 12 18 1
 2021 12 21 1
 2021 13 0 1
 2021 13 3 0
 2021 13 6 1
 2021 13 9 2
 2021 13 12 1
 2021 13 15 1
 2021 13 18 0
 2021 13 21 1
 2021 14 0 0
 2021 14 3 0
 2021 14 6 0
 2021 14 9 0
 2021 14 12 0
 2021 14 15 1
 2021 14 18 0
 2021 14 21 1
 2021 15 0 1
 2021 15 3 0
 2021 15 6 0
 2021 15 9 0
 2021 15 12 1
 2021 15 15 2
 2021 15 18 1
 2021 15 21 0
 2021 16 0 0
 2021 16 3 1
 2021 16 6 0
 2021 16 9 1
 2021 16 12 1
 2021 16 15 1
 2021 16 18 1
 2021 16 21 0
 2021 17 0 0
 2021 17 3 1
 2021 17 6 0
 2021 17 9 0
 2021 17 12 2
 2021 17 15 1
 2021 17 18 1
 2021 17 21 0
 2021 18 0 0
 2021 18 3 1
 2021 18 6 0
 2021 18 9 0
 2021 18 12 1
 2021 18 15 1
 2021 18 18 2
 2021 18 21 2
 2021 19 0 2
 2021 19 3 2
 2021 19 6 1
 2021 19 9 1
 2021 19 12 2
 2021 19 15 2
 2021 19 18 2
 2021 19 21 1
 2021 20 0 1
 2021 20 3 1
 2021 20 6 2
 2021 20 9 2
 2021 20 12 2
 2021 20 15 2
 2021 20 18 1
 2021 20 21 0
 2021 21 0 0
 2021 21 3 1
 2021 21 6 0
 2021 21 9 1
 2021 21 12 1
 2021 21 15 1
 2021 21 18 0
 2021 21 21 0
 2021 22 0 1
 2021 22 3 0
 2021 22 6 1
 2021 22 9 0
 2021 22 12 1
 2021 22 15 1
 2021 22 18 2
 2021 22 21 1
 2021 23 0 0
 2021 23 3 0
 2021 23 6 1
 2021 23 9 2
 2021 23 12 0
 2021 23 15 1
 2021 23 18 1
 2021 23 21 2
 2021 24 0 0
 2021 24 3 2
 2021 24 6 2
 2021 24 9 0
 2021 24 12 1
 2021 24 15 1
 2021 24 18 1
 2021 24 21 2
 2021 25 0 2
 2021 25 3 2
 2021 25 6 3
 2021 25 9 3
 2021 25 12 1
 2021 25 15 2
 2021 25 18 2
 2021 25 21 5
 2021 26 0 3
 2021 26 3 4
 2021 26 6 2
 2021 26 9 1
 2021 26 12 2
 2021 26 15 1
 2021 26 18 2
 2021 26 21 1
 2021 27 0 2
 2021 27 3 3
 2021 27 6 2
 2021 27 9 2
 2021 27 12 2
 2021 27 15 2
 2021 27 18 1
 2021 27 21 3
 2021 28 0 3
 2021 28 3 1
 2021 28 6 1
 2021 28 9 0
 2021 28 12 0
 2021 28 15 1
 2021 28 18 0
 2021 28 21 0
 2021 29 0 0
 2021 29 3 2
 2021 29 6 1
 2021 29 9 0
 2021 29 12 1
 2021 29 15 1
 2021 29 18 0
 2021 29 21 0
 2021 30 0 0
 2021 30 3 1
 2021 30 6 0
 2021 30 9 0
 2021 30 12 1
 2021 30 15 1
 2021 30 18 1
 2021 30 21 0
 2021 31 0 0
 2021 31 3 0
 2021 31 6 0
 2021 31 9 0
 2021 31 12 1
 2021 31 15 0
 2021 31 18 0
 2021 31 21 0
 2021 32 0 1
 2021 32 3 1
 2021 32 6 0
 2021 32 9 0
 2021 32 12 2
 2021 32 15 2
 2021 32 18 1
 2021 32 21 2
 2021 33 0 3
 2021 33 3 3
 2021 33 6 3
 2021 33 9 2
 2021 33 12 3
 2021 33 15 2
 2021 33 18 2
 2021 33 21 1
 2021 34 0 2
 2021 34 3 3
 2021 34 6 2
 2021 34 9 2
 2021 34 12 1
 2021 34 15 2
 2021 34 18 4
 2021 34 21 2
 2021 35 0 2
 2021 35 3 2
 2021 35 6 3
 2021 35 9 2
 2021 35 12 2
 2021 35 15 1
 2021 35 18 1
 2021 35 21 1
 2021 36 0 2
 2021 36 3 1
 2021 36 6 1
 2021 36 9 1
 2021 36 12 1
 2021 36 15 0
 2021 36 18 1
 2021 36 21 1
 2021 37 0 0
 2021 37 3 0
 2021 37 6 0
 2021 37 9 0
 2021 37 12 1
 2021 37 15 2
 2021 37 18 3
 2021 37 21 2
 2021 38 0 5
 2021 38 3 4
 2021 38 6 3
 2021 38 9 4
 2021 38 12 3
 2021 38 15 1
 2021 38 18 1
 2021 38 21 1
 2021 39 0 1
 2021 39 3 1
 2021 39 6 2
 2021 39 9 2
 2021 39 12 1
 2021 39 15 1
 2021 39 18 1
 2021 39 21 3
 2021 40 0 1
 2021 40 3 1
 2021 40 6 2
 2021 40 9 2
 2021 40 12 1
 2021 40 15 0
 2021 40 18 1
 2021 40 21 0
 2021 41 0 0
 2021 41 3 0
 2021 41 6 0
 2021 41 9 1
 2021 41 12 1
 2021 41 15 0
 2021 41 18 1
 2021 41 21 0
 2021 42 0 0
 2021 42 3 0
 2021 42 6 1
 2021 42 9 1
 2021 42 12 1
 2021 42 15 1
 2021 42 18 1
 2021 42 21 0
 2021 43 0 0
 2021 43 3 1
 2021 43 6 1
 2021 43 9 0
 2021 43 12 1
 2021 43 15 2
 2021 43 18 2
 2021 43 21 2
 2021 44 0 2
 2021 44 3 3
 2021 44 6 2
 2021 44 9 4
 2021 44 12 3
 2021 44 15 1
 2021 44 18 1
 2021 44 21 1
 2021 45 0 1
 2021 45 3 1
 2021 45 6 1
 2021 45 9 0
 2021 45 12 2
 2021 45 15 1
 2021 45 18 1
 2021 45 21 0
 2021 46 0 0
 2021 46 3 0
 2021 46 6 2
 2021 46 9 0
 2021 46 12 1
 2021 46 15 1
 2021 46 18 2
 2021 46 21 2
 2021 47 0 1
 2021 47 3 3
 2021 47 6 3
 2021 47 9 4
 2021 47 12 2
 2021 47 15 2
 2021 47 18 2
 2021 47 21 1
 2021 48 0 1
 2021 48 3 2
 2021 48 6 2
 2021 48 9 2
 2021 48 12 2
 2021 48 15 2
 2021 48 18 1
 2021 48 21 2
 2021 49 0 2
 2021 49 3 1
 2021 49 6 1
 2021 49 9 1
 2021 49 12 1
 2021 49 15 0
 2021 49 18 0
 2021 49 21 0
 2021 50 0 2
 2021 50 3 1
 2021 50 6 1
 2021 50 9 1
 2021 50 12 4
 2021 50 15 3
 2021 50 18 3
 2021 50 21 4
 2021 51 0 2
 2021 51 3 2
 2021 51 6 3
 2021 51 9 2
 2021 51 12 3
 2021 51 15 3
 2021 51 18 4
 2021 51 21 4
 2021 52 0 3
 2021 52 3 3
 2021 52 6 4
 2021 52 9 4
 2021 52 12 4
 2021 52 15 2
 2021 52 18 2
 2021 52 21 3
 2021 53 0 3
 2021 53 3 4
 2021 53 6 2
 2021 53 9 2
 2021 53 12 3
 2021 53 15 2
 2021 53 18 3
 2021 53 21 2
 2021 54 0 3
 2021 54 3 3
 2021 54 6 3
 2021 54 9 3
 2021 54 12 2
 2021 54 15 2
 2021 54 18 2
 2021 54 21 0
 2021 55 0 3
 2021 55 3 3
 2021 55 6 3
 2021 55 9 3
 2021 55 12 2
 2021 55 15 4
 2021 55 18 3
 2021 55 21 3
 2021 56 0 4
 2021 56 3 3
 2021 56 6 3
 2021 56 9 2
 2021 56 12 2
 2021 56 15 2
 2021 56 18 2
 2021 56 21 3
 2021 57 0 3
 2021 57 3 2
 2021 57 6 1
 2021 57 9 2
 2021 57 12 2
 2021 57 15 2
 2021 57 18 2
 2021 57 21 2
 2021 58 0 0
 2021 58 3 1
 2021 58 6 2
 2021 58 9 0
 2021 58 12 1
 2021 58 15 2
 2021 58 18 1
 2021 58 21 0
 2021 59 0 0
 2021 59 3 2
 2021 59 6 1
 2021 59 9 0
 2021 59 12 1
 2021 59 15 2
 2021 59 18 2
 2021 59 21 2
 2021 60 0 3
 2021 60 3 5
 2021 60 6 4
 2021 60 9 3
 2021 60 12 2
 2021 60 15 2
 2021 60 18 2
 2021 60 21 1
 2021 61 0 2
 2021 61 3 3
 2021 61 6 2
 2021 61 9 2
 2021 61 12 3
 2021 61 15 3
 2021 61 18 4
 2021 61 21 3
 2021 62 0 4
 2021 62 3 4
 2021 62 6 4
 2021 62 9 3
 2021 62 12 2
 2021 62 15 1
 2021 62 18 2
 2021 62 21 2
 2021 63 0 4
 2021 63 3 3
 2021 63 6 1
 2021 63 9 1
 2021 63 12 3
 2021 63 15 1
 2021 63 18 2
 2021 63 21 3
 2021 64 0 2
 2021 64 3 1
 2021 64 6 2
 2021 64 9 2
 2021 64 12 1
 2021 64 15 1
 2021 64 18 1
 2021 64 21 1
 2021 65 0 4
 2021 65 3 3
 2021 65 6 3
 2021 65 9 2
 2021 65 12 2
 2021 65 15 1
 2021 65 18 2
 2021 65 21 2
 2021 66 0 2
 2021 66 3 2
 2021 66 6 0
 2021 66 9 2
 2021 66 12 1
 2021 66 15 3
 2021 66 18 1
 2021 66 21 3
 2021 67 0 1
 2021 67 3 1
 2021 67 6 1
 2021 67 9 0
 2021 67 12 2
 2021 67 15 1
 2021 67 18 3
 2021 67 21 2
 2021 68 0 1
 2021 68 3 1
 2021 68 6 1
 2021 68 9 0
 2021 68 12 1
 2021 68 15 1
 2021 68 18 1
 2021 68 21 0
 2021 69 0 0
 2021 69 3 0
 2021 69 6 0
 2021 69 9 0
 2021 69 12 1
 2021 69 15 1
 2021 69 18 2
 2021 69 21 1
 2021 70 0 0
 2021 70 3 1
 2021 70 6 0
 2021 70 9 1
 2021 70 12 1
 2021 70 15 2
 2021 70 18 1
 2021 70 21 2
 2021 71 0 2
 2021 71 3 2
 2021 71 6 3
 2021 71 9 1
 2021 71 12 2
 2021 71 15 2
 2021 71 18 2
 2021 71 21 3
 2021 72 0 3
 2021 72 3 3
 2021 72 6 3
 2021 72 9 3
 2021 72 12 2
 2021 72 15 2
 2021 72 18 3
 2021 72 21 3
 2021 73 0 3
 2021 73 3 4
 2021 73 6 4
 2021 73 9 3
 2021 73 12 3
 2021 73 15 2
 2021 73 18 3
 2021 73 21 3
 2021 74 0 3
 2021 74 3 2
 2021 74 6 1
 2021 74 9 2
 2021 74 12 1
 2021 74 15 1
 2021 74 18 0
 2021 74 21 0
 2021 75 0 0
 2021 75 3 1
 2021 75 6 0
 2021 75 9 1
 2021 75 12 1
 2021 75 15 1
 2021 75 18 0
 2021 75 21 1
 2021 76 0 1
 2021 76 3 0
 2021 76 6 0
 2021 76 9 0
 2021 76 12 1
 2021 76 15 2
 2021 76 18 1
 2021 76 21 1
 2021 77 0 2
 2021 77 3 2
 2021 77 6 1
 2021 77 9 2
 2021 77 12 1
 2021 77 15 1
 2021 77 18 0
 2021 77 21 1
 2021 78 0 2
 2021 78 3 2
 2021 78 6 2
 2021 78 9 2
 2021 78 12 1
 2021 78 15 1
 2021 78 18 1
 2021 78 21 2
 2021 79 0 2
 2021 79 3 3
 2021 79 6 5
 2021 79 9 4
 2021 79 12 3
 2021 79 15 3
 2021 79 18 3
 2021 79 21 3
 2021 80 0 4
 2021 80 3 3
 2021 80 6 1
 2021 80 9 2
 2021 80 12 4
 2021 80 15 3
 2021 80 18 4
 2021 80 21 3
 2021 81 0 2
 2021 81 3 2
 2021 81 6 2
 2021 81 9 1
 2021 81 12 2
 2021 81 15 2
 2021 81 18 1
 2021 81 21 1
 2021 82 0 2
 2021 82 3 3
 2021 82 6 2
 2021 82 9 1
 2021 82 12 2
 2021 82 15 2
 2021 82 18 2
 2021 82 21 3
 2021 83 0 3
 2021 83 3 3
 2021 83 6 3
 2021 83 9 2
 2021 83 12 2
 2021 83 15 1
 2021 83 18 2
 2021 83 21 3
 2021 84 0 5
 2021 84 3 4
 2021 84 6 4
 2021 84 9 2
 2021 84 12 3
 2021 84 15 2
 2021 84 18 1
 2021 84 21 2
 2021 85 0 3
 2021 85 3 3
 2021 85 6 3
 2021 85 9 3
 2021 85 12 2
 2021 85 15 2
 2021 85 18 1
 2021 85 21 2
 2021 86 0 0
 2021 86 3 1
 2021 86 6 0
 2021 86 9 1
 2021 86 12 1
 2021 86 15 2
 2021 86 18 3
 2021 86 21 4
 2021 87 0 3
 2021 87 3 1
 2021 87 6 0
 2021 87 9 1
 2021 87 12 1
 2021 87 15 1
 2021 87 18 1
 2021 87 21 1
 2021 88 0 1
 2021 88 3 2
 2021 88 6 1
 2021 88 9 1
 2021 88 12 1
 2021 88 15 1
 2021 88 18 1
 2021 88 21 0
 2021 89 0 0
 2021 89 3 1
 2021 89 6 1
 2021 89 9 1
 2021 89 12 1
 2021 89 15 1
 2021 89 18 2
 2021 89 21 2
 2021 90 0 1
 2021 90 3 2
 2021 90 6 2
 2021 90 9 1
 2021 90 12 2
 2021 90 15 3
 2021 90 18 1
 2021 90 21 2
 2021 91 0 3
 2021 91 3 3
 2021 91 6 2
 2021 91 9 2
 2021 91 12 1
 2021 91 15 2
 2021 91 18 1
 2021 91 21 2
 2021 92 0 1
 2021 92 3 1
 2021 92 6 1
 2021 92 9 0
 2021 92 12 1
 2021 92 15 2
 2021 92 18 2
 2021 92 21 2
 2021 93 0 1
 2021 93 3 1
 2021 93 6 0
 2021 93 9 1
 2021 93 12 1
 2021 93 15 1
 2021 93 18 0
 2021 93 21 1
 2021 94 0 1
 2021 94 3 0
 2021 94 6 1
 2021 94 9 0
 2021 94 12 1
 2021 94 15 1
 2021 94 18 0
 2021 94 21 0
 2021 95 0 1
 2021 95 3 1
 2021 95 6 1
 2021 95 9 1
 2021 95 12 3
 2021 95 15 2
 2021 95 18 1
 2021 95 21 1
 2021 96 0 0
 2021 96 3 1
 2021 96 6 0
 2021 96 9 0
 2021 96 12 1
 2021 96 15 0
 2021 96 18 2
 2021 96 21 2
 2021 97 0 1
 2021 97 3 2
 2021 97 6 3
 2021 97 9 4
 2021 97 12 4
 2021 97 15 4
 2021 97 18 2
 2021 97 21 2
 2021 98 0 0
 2021 98 3 1
 2021 98 6 0
 2021 98 9 1
 2021 98 12 2
 2021 98 15 1
 2021 98 18 2
 2021 98 21 1
 2021 99 0 0
 2021 99 3 2
 2021 99 6 0
 2021 99 9 0
 2021 99 12 1
 2021 99 15 1
 2021 99 18 0
 2021 99 21 1
 2021 100 0 0
 2021 100 3 0
 2021 100 6 0
 2021 100 9 1
 2021 100 12 2
 2021 100 15 2
 2021 100 18 1
 2021 100 21 2
 2021 101 0 2
 2021 101 3 2
 2021 101 6 2
 2021 101 9 1
 2021 101 12 1
 2021 101 15 1
 2021 101 18 2
 2021 101 21 1
 2021 102 0 1
 2021 102 3 0
 2021 102 6 1
 2021 102 9 2
 2021 102 12 2
 2021 102 15 2
 2021 102 18 1
 2021 102 21 0
 2021 103 0 0
 2021 103 3 1
 2021 103 6 1
 2021 103 9 2
 2021 103 12 2
 2021 103 15 2
 2021 103 18 2
 2021 103 21 2
 2021 104 0 1
 2021 104 3 1
 2021 104 6 1
 2021 104 9 2
 2021 104 12 2
 2021 104 15 2
 2021 104 18 2
 2021 104 21 3
 2021 105 0 3
 2021 105 3 3
 2021 105 6 4
 2021 105 9 1
 2021 105 12 3
 2021 105 15 1
 2021 105 18 1
 2021 105 21 2
 2021 106 0 2
 2021 106 3 3
 2021 106 6 3
 2021 106 9 2
 2021 106 12 3
 2021 106 15 3
 2021 106 18 4
 2021 106 21 3
 2021 107 0 3
 2021 107 3 4
 2021 107 6 5
 2021 107 9 3
 2021 107 12 3
 2021 107 15 2
 2021 107 18 2
 2021 107 21 4
 2021 108 0 3
 2021 108 3 3
 2021 108 6 3
 2021 108 9 3
 2021 108 12 2
 2021 108 15 2
 2021 108 18 3
 2021 108 21 3
 2021 109 0 3
 2021 109 3 3
 2021 109 6 3
 2021 109 9 3
 2021 109 12 3
 2021 109 15 3
 2021 109 18 3
 2021 109 21 3
 2021 110 0 3
 2021 110 3 3
 2021 110 6 2
 2021 110 9 2
 2021 110 12 2
 2021 110 15 1
 2021 110 18 2
 2021 110 21 3
 2021 111 0 2
 2021 111 3 3
 2021 111 6 2
 2021 111 9 2
 2021 111 12 2
 2021 111 15 1
 2021 111 18 1
 2021 111 21 1
 2021 112 0 1
 2021 112 3 1
 2021 112 6 2
 2021 112 9 1
 2021 112 12 2
 2021 112 15 0
 2021 112 18 1
 2021 112 21 2
 2021 113 0 3
 2021 113 3 2
 2021 113 6 3
 2021 113 9 3
 2021 113 12 2
 2021 113 15 3
 2021 113 18 3
 2021 113 21 4
 2021 114 0 3
 2021 114 3 3
 2021 114 6 3
 2021 114 9 2
 2021 114 12 2
 2021 114 15 0
 2021 114 18 2
 2021 114 21 3
 2021 115 0 5
 2021 115 3 3
 2021 115 6 3
 2021 115 9 3
 2021 115 12 3
 2021 115 15 1
 2021 115 18 2
 2021 115 21 2
 2021 116 0 4
 2021 116 3 4
 2021 116 6 3
 2021 116 9 1
 2021 116 12 2
 2021 116 15 1
 2021 116 18 2
 2021 116 21 2
 2021 117 0 3
 2021 117 3 3
 2021 117 6 2
 2021 117 9 2
 2021 117 12 2
 2021 117 15 1
 2021 117 18 1
 2021 117 21 1
 2021 118 0 2
 2021 118 3 0
 2021 118 6 0
 2021 118 9 2
 2021 118 12 2
 2021 118 15 1
 2021 118 18 1
 2021 118 21 1
 2021 119 0 2
 2021 119 3 2
 2021 119 6 1
 2021 119 9 1
 2021 119 12 2
 2021 119 15 1
 2021 119 18 2
 2021 119 21 1
 2021 120 0 1
 2021 120 3 1
 2021 120 6 1
 2021 120 9 1
 2021 120 12 1
 2021 120 15 2
 2021 120 18 3
 2021 120 21 2
 2021 121 0 1
 2021 121 3 1
 2021 121 6 2
 2021 121 9 3
 2021 121 12 1
 2021 121 15 1
 2021 121 18 1
 2021 121 21 2
 2021 122 0 3
 2021 122 3 3
 2021 122 6 3
 2021 122 9 2
 2021 122 12 2
 2021 122 15 2
 2021 122 18 3
 2021 122 21 3
 2021 123 0 2
 2021 123 3 2
 2021 123 6 2
 2021 123 9 2
 2021 123 12 2
 2021 123 15 2
 2021 123 18 1
 2021 123 21 1
 2021 124 0 2
 2021 124 3 1
 2021 124 6 1
 2021 124 9 1
 2021 124 12 2
 2021 124 15 1
 2021 124 18 2
 2021 124 21 1
 2021 125 0 0
 2021 125 3 0
 2021 125 6 0
 2021 125 9 1
 2021 125 12 2
 2021 125 15 1
 2021 125 18 2
 2021 125 21 1
 2021 126 0 1
 2021 126 3 1
 2021 126 6 0
 2021 126 9 1
 2021 126 12 2
 2021 126 15 0
 2021 126 18 1
 2021 126 21 0
 2021 127 0 0
 2021 127 3 0
 2021 127 6 0
 2021 127 9 1
 2021 127 12 2
 2021 127 15 1
 2021 127 18 2
 2021 127 21 1
 2021 128 0 1
 2021 128 3 0
 2021 128 6 1
 2021 128 9 2
 2021 128 12 2
 2021 128 15 1
 2021 128 18 1
 2021 128 21 1
 2021 129 0 0
 2021 129 3 0
 2021 129 6 0
 2021 129 9 1
 2021 129 12 4
 2021 129 15 2
 2021 129 18 1
 2021 129 21 2
 2021 130 0 2
 2021 130 3 2
 2021 130 6 2
 2021 130 9 2
 2021 130 12 3
 2021 130 15 1
 2021 130 18 2
 2021 130 21 2
 2021 131 0 2
 2021 131 3 1
 2021 131 6 1
 2021 131 9 1
 2021 131 12 2
 2021 131 15 1
 2021 131 18 1
 2021 131 21 0
 2021 132 0 1
 2021 132 3 0
 2021 132 6 4
 2021 132 9 4
 2021 132 12 6
 2021 132 15 5
 2021 132 18 2
 2021 132 21 2
 2021 133 0 2
 2021 133 3 2
 2021 133 6 2
 2021 133 9 2
 2021 133 12 2
 2021 133 15 2
 2021 133 18 2
 2021 133 21 2
 2021 134 0 0
 2021 134 3 1
 2021 134 6 1
 2021 134 9 1
 2021 134 12 1
 2021 134 15 2
 2021 134 18 1
 2021 134 21 2
 2021 135 0 3
 2021 135 3 2
 2021 135 6 3
 2021 135 9 2
 2021 135 12 2
 2021 135 15 2
 2021 135 18 1
 2021 135 21 1
 2021 136 0 1
 2021 136 3 0
 2021 136 6 1
 2021 136 9 2
 2021 136 12 2
 2021 136 15 1
 2021 136 18 2
 2021 136 21 0
 2021 137 0 1
 2021 137 3 1
 2021 137 6 2
 2021 137 9 1
 2021 137 12 2
 2021 137 15 1
 2021 137 18 2
 2021 137 21 3
 2021 138 0 3
 2021 138 3 3
 2021 138 6 4
 2021 138 9 2
 2021 138 12 2
 2021 138 15 1
 2021 138 18 1
 2021 138 21 0
 2021 139 0 2
 2021 139 3 1
 2021 139 6 2
 2021 139 9 1
 2021 139 12 2
 2021 139 15 1
 2021 139 18 1
 2021 139 21 2
 2021 140 0 3
 2021 140 3 2
 2021 140 6 3
 2021 140 9 3
 2021 140 12 4
 2021 140 15 3
 2021 140 18 3
 2021 140 21 4
 2021 141 0 2
 2021 141 3 2
 2021 141 6 3
 2021 141 9 2
 2021 141 12 2
 2021 141 15 2
 2021 141 18 2
 2021 141 21 1
 2021 142 0 1
 2021 142 3 1
 2021 142 6 1
 2021 142 9 1
 2021 142 12 3
 2021 142 15 1
 2021 142 18 2
 2021 142 21 1
 2021 143 0 0
 2021 143 3 2
 2021 143 6 1
 2021 143 9 1
 2021 143 12 1
 2021 143 15 1
 2021 143 18 2
 2021 143 21 2
 2021 144 0 2
 2021 144 3 0
 2021 144 6 0
 2021 144 9 1
 2021 144 12 0
 2021 144 15 1
 2021 144 18 0
 2021 144 21 0
 2021 145 0 0
 2021 145 3 1
 2021 145 6 0
 2021 145 9 1
 2021 145 12 2
 2021 145 15 1
 2021 145 18 1
 2021 145 21 2
 2021 146 0 0
 2021 146 3 -1
 2021 146 6 -1
 2021 146 9 -1
 2021 146 12 3
 2021 146 15 3
 2021 146 18 3
 2021 146 21 3
 2021 147 0 3
 2021 147 3 3
 2021 147 6 4
 2021 147 9 4
 2021 147 12 2
 2021 147 15 3
 2021 147 18 2
 2021 147 21 2
 2021 148 0 1
 2021 148 3 1
 2021 148 6 0
 2021 148 9 1
 2021 148 12 2
 2021 148 15 1
 2021 148 18 1
 2021 148 21 1
 2021 149 0 0
 2021 149 3 1
 2021 149 6 1
 2021 149 9 2
 2021 149 12 2
 2021 149 15 2
 2021 149 18 3
 2021 149 21 3
 2021 150 0 1
 2021 150 3 1
 2021 150 6 2
 2021 150 9 2
 2021 150 12 2
 2021 150 15 2
 2021 150 18 2
 2021 150 21 3
 2021 151 0 1
 2021 151 3 1
 2021 151 6 1
 2021 151 9 1
 2021 151 12 2
 2021 151 15 1
 2021 151 18 1
 2021 151 21 1
 2021 152 0 2
 2021 152 3 0
 2021 152 6 0
 2021 152 9 1
 2021 152 12 2
 2021 152 15 2
 2021 152 18 1
 2021 152 21 0
 2021 153 0 0
 2021 153 3 1
 2021 153 6 1
 2021 153 9 1
 2021 153 12 3
 2021 153 15 2
 2021 153 18 1
 2021 153 21 2
 2021 154 0 3
 2021 154 3 2
 2021 154 6 3
 2021 154 9 2
 2021 154 12 2
 2021 154 15 2
 2021 154 18 1
 2021 154 21 1
 2021 155 0 2
 2021 155 3 1
 2021 155 6 1
 2021 155 9 1
 2021 155 12 2
 2021 155 15 1
 2021 155 18 1
 2021 155 21 1
 2021 156 0 1
 2021 156 3 1
 2021 156 6 1
 2021 156 9 1
 2021 156 12 2
 2021 156 15 1
 2021 156 18 1
 2021 156 21 2
 2021 157 0 2
 2021 157 3 1
 2021 157 6 1
 2021 157 9 1
 2021 157 12 2
 2021 157 15 2
 2021 157 18 2
 2021 157 21 2
 2021 158 0 2
 2021 158 3 2
 2021 158 6 3
 2021 158 9 3
 2021 158 12 3
 2021 158 15 3
 2021 158 18 3
 2021 158 21 4
 2021 159 0 2
 2021 159 3 3
 2021 159 6 2
 2021 159 9 1
 2021 159 12 2
 2021 159 15 2
 2021 159 18 2
 2021 159 21 1
 2021 160 0 1
 2021 160 3 2
 2021 160 6 1
 2021 160 9 1
 2021 160 12 2
 2021 160 15 1
 2021 160 18 1
 2021 160 21 0
 2021 161 0 1
 2021 161 3 0
 2021 161 6 0
 2021 161 9 2
 2021 161 12 3
 2021 161 15 1
 2021 161 18 1
 2021 161 21 2
 2021 162 0 3
 2021 162 3 3
 2021 162 6 2
 2021 162 9 2
 2021 162 12 3
 2021 162 15 3
 2021 162 18 2
 2021 162 21 2
 2021 163 0 2
 2021 163 3 3
 2021 163 6 2
 2021 163 9 2
 2021 163 12 2
 2021 163 15 2
 2021 163 18 1
 2021 163 21 2
 2021 164 0 3
 2021 164 3 3
 2021 164 6 1
 2021 164 9 2
 2021 164 12 2
 2021 164 15 1
 2021 164 18 1
 2021 164 21 0
 2021 165 0 0
 2021 165 3 0
 2021 165 6 1
 2021 165 9 2
 2021 165 12 3
 2021 165 15 3
 2021 165 18 2
 2021 165 21 2
 2021 166 0 2
 2021 166 3 2
 2021 166 6 3
 2021 166 9 2
 2021 166 12 4
 2021 166 15 3
 2021 166 18 4
 2021 166 21 3
 2021 167 0 4
 2021 167 3 4
 2021 167 6 2
 2021 167 9 3
 2021 167 12 2
 2021 167 15 3
 2021 167 18 2
 2021 167 21 3
 2021 168 0 2
 2021 168 3 3
 2021 168 6 3
 2021 168 9 2
 2021 168 12 2
 2021 168 15 2
 2021 168 18 1
 2021 168 21 2
 2021 169 0 2
 2021 169 3 2
 2021 169 6 2
 2021 169 9 2
 2021 169 12 3
 2021 169 15 1
 2021 169 18 2
 2021 169 21 2
 2021 170 0 2
 2021 170 3 1
 2021 170 6 1
 2021 170 9 1
 2021 170 12 2
 2021 170 15 1
 2021 170 18 2
 2021 170 21 1
 2021 171 0 0
 2021 171 3 1
 2021 171 6 0
 2021 171 9 1
 2021 171 12 2
 2021 171 15 1
 2021 171 18 1
 2021 171 21 3
 2021 172 0 1
 2021 172 3 0
 2021 172 6 0
 2021 172 9 1
 2021 172 12 1
 2021 172 15 2
 2021 172 18 2
 2021 172 21 1
 2021 173 0 2
 2021 173 3 3
 2021 173 6 1
 2021 173 9 2
 2021 173 12 3
 2021 173 15 1
 2021 173 18 2
 2021 173 21 2
 2021 174 0 2
 2021 174 3 1
 2021 174 6 1
 2021 174 9 1
 2021 174 12 3
 2021 174 15 2
 2021 174 18 2
 2021 174 21 0
 2021 175 0 0
 2021 175 3 0
 2021 175 6 1
 2021 175 9 2
 2021 175 12 2
 2021 175 15 2
 2021 175 18 2
 2021 175 21 3
 2021 176 0 3
 2021 176 3 2
 2021 176 6 1
 2021 176 9 2
 2021 176 12 3
 2021 176 15 2
 2021 176 18 2
 2021 176 21 1
 2021 177 0 1
 2021 177 3 0
 2021 177 6 1
 2021 177 9 2
 2021 177 12 2
 2021 177 15 2
 2021 177 18 2
 2021 177 21 1
 2021 178 0 0
 2021 178 3 0
 2021 178 6 1
 2021 178 9 1
 2021 178 12 2
 2021 178 15 2
 2021 178 18 2
 2021 178 21 2
 2021 179 0 1
 2021 179 3 1
 2021 179 6 0
 2021 179 9 1
 2021 179 12 2
 2021 179 15 2
 2021 179 18 1
 2021 179 21 2
 2021 180 0 1
 2021 180 3 1
 2021 180 6 0
 2021 180 9 2
 2021 180 12 2
 2021 180 15 2
 2021 180 18 2
 2021 180 21 1
 2021 181 0 1
 2021 181 3 2
 2021 181 6 3
 2021 181 9 3
 2021 181 12 2
 2021 181 15 2
 2021 181 18 3
 2021 181 21 3
 2021 182 0 3
 2021 182 3 3
 2021 182 6 1
 2021 182 9 1
 2021 182 12 2
 2021 182 15 2
 2021 182 18 1
 2021 182 21 1
 2021 183 0 1
 2021 183 3 1
 2021 183 6 2
 2021 183 9 1
 2021 183 12 2
 2021 183 15 2
 2021 183 18 2
 2021 183 21 2
 2021 184 0 2
 2021 184 3 1
 2021 184 6 2
 2021 184 9 1
 2021 184 12 2
 2021 184 15 1
 2021 184 18 1
 2021 184 21 0
 2021 185 0 1
 2021 185 3 2
 2021 185 6 1
 2021 185 9 1
 2021 185 12 2
 2021 185 15 1
 2021 185 18 1
 2021 185 21 0
 2021 186 0 2
 2021 186 3 1
 2021 186 6 2
 2021 186 9 2
 2021 186 12 3
 2021 186 15 2
 2021 186 18 2
 2021 186 21 3
 2021 187 0 2
 2021 187 3 2
 2021 187 6 3
 2021 187 9 2
 2021 187 12 3
 2021 187 15 1
 2021 187 18 2
 2021 187 21 1
 2021 188 0 1
 2021 188 3 1
 2021 188 6 2
 2021 188 9 2
 2021 188 12 2
 2021 188 15 1
 2021 188 18 1
 2021 188 21 3
 2021 189 0 2
 2021 189 3 1
 2021 189 6 2
 2021 189 9 1
 2021 189 12 2
 2021 189 15 1
 2021 189 18 1
 2021 189 21 1
 2021 190 0 2
 2021 190 3 3
 2021 190 6 1
 2021 190 9 2
 2021 190 12 2
 2021 190 15 2
 2021 190 18 1
 2021 190 21 2
 2021 191 0 3
 2021 191 3 2
 2021 191 6 2
 2021 191 9 2
 2021 191 12 2
 2021 191 15 2
 2021 191 18 2
 2021 191 21 2
 2021 192 0 1
 2021 192 3 0
 2021 192 6 0
 2021 192 9 1
 2021 192 12 2
 2021 192 15 2
 2021 192 18 2
 2021 192 21 2
 2021 193 0 1
 2021 193 3 0
 2021 193 6 1
 2021 193 9 1
 2021 193 12 2
 2021 193 15 2
 2021 193 18 3
 2021 193 21 3
 2021 194 0 3
 2021 194 3 1
 2021 194 6 1
 2021 194 9 2
 2021 194 12 2
 2021 194 15 2
 2021 194 18 2
 2021 194 21 1
 2021 195 0 0
 2021 195 3 1
 2021 195 6 2
 2021 195 9 2
 2021 195 12 3
 2021 195 15 3
 2021 195 18 3
 2021 195 21 3
 2021 196 0 2
 2021 196 3 3
 2021 196 6 3
 2021 196 9 2
 2021 196 12 3
 2021 196 15 3
 2021 196 18 3
 2021 196 21 2
 2021 197 0 2
 2021 197 3 1
 2021 197 6 1
 2021 197 9 1
 2021 197 12 2
 2021 197 15 1
 2021 197 18 2
 2021 197 21 1
 2021 198 0 2
 2021 198 3 1
 2021 198 6 1
 2021 198 9 1
 2021 198 12 1
 2021 198 15 2
 2021 198 18 1
 2021 198 21 0
 2021 199 0 1
 2021 199 3 0
 2021 199 6 1
 2021 199 9 2
 2021 199 12 2
 2021 199 15 2
 2021 199 18 1
 2021 199 21 2
 2021 200 0 -1
 2021 200 3 -1
 2021 200 6 -1
 2021 200 9 -1
 2021 200 12 -1
 2021 200 15 1
 2021 200 18 2
 2021 200 21 1
 2021 201 0 2
 2021 201 3 1
 2021 201 6 3
 2021 201 9 2
 2021 201 12 2
 2021 201 15 1
 2021 201 18 3
 2021 201 21 3
 2021 202 0 2
 2021 202 3 2
 2021 202 6 1
 2021 202 9 2
 2021 202 12 3
 2021 202 15 2
 2021 202 18 1
 2021 202 21 0
 2021 203 0 1
 2021 203 3 2
 2021 203 6 3
 2021 203 9 3
 2021 203 12 3
 2021 203 15 2
 2021 203 18 1
 2021 203 21 1
 2021 204 0 0
 2021 204 3 0
 2021 204 6 1
 2021 204 9 1
 2021 204 12 2
 2021 204 15 1
 2021 204 18 1
 2021 204 21 1
 2021 205 0 0
 2021 205 3 2
 2021 205 6 1
 2021 205 9 2
 2021 205 12 3
 2021 205 15 1
 2021 205 18 1
 2021 205 21 1
 2021 206 0 0
 2021 206 3 0
 2021 206 6 1
 2021 206 9 2
 2021 206 12 3
 2021 206 15 2
 2021 206 18 2
 2021 206 21 1
 2021 207 0 1
 2021 207 3 1
 2021 207 6 1
 2021 207 9 1
 2021 207 12 2
 2021 207 15 1
 2021 207 18 1
 2021 207 21 1
 2021 208 0 1
 2021 208 3 0
 2021 208 6 1
 2021 208 9 2
 2021 208 12 2
 2021 208 15 1
 2021 208 18 2
 2021 208 21 3
 2021 209 0 3
 2021 209 3 3
 2021 209 6 2
 2021 209 9 3
 2021 209 12 3
 2021 209 15 3
 2021 209 18 3
 2021 209 21 1
 2021 210 0 2
 2021 210 3 3
 2021 210 6 3
 2021 210 9 3
 2021 210 12 3
 2021 210 15 2
 2021 210 18 2
 2021 210 21 3
 2021 211 0 1
 2021 211 3 1
 2021 211 6 2
 2021 211 9 2
 2021 211 12 2
 2021 211 15 1
 2021 211 18 2
 2021 211 21 2
 2021 212 0 3
 2021 212 3 1
 2021 212 6 1
 2021 212 9 1
 2021 212 12 2
 2021 212 15 1
 2021 212 18 2
 2021 212 21 1
 2021 213 0 2
 2021 213 3 0
 2021 213 6 0
 2021 213 9 1
 2021 213 12 2
 2021 213 15 1
 2021 213 18 2
 2021 213 21 1
 2021 214 0 1
 2021 214 3 0
 2021 214 6 1
 2021 214 9 3
 2021 214 12 4
 2021 214 15 3
 2021 214 18 4
 2021 214 21 4
 2021 215 0 4
 2021 215 3 3
 2021 215 6 3
 2021 215 9 4
 2021 215 12 2
 2021 215 15 1
 2021 215 18 1
 2021 215 21 2
 2021 216 0 2
 2021 216 3 1
 2021 216 6 2
 2021 216 9 2
 2021 216 12 2
 2021 216 15 1
 2021 216 18 1
 2021 216 21 1
 2021 217 0 0
 2021 217 3 0
 2021 217 6 0
 2021 217 9 2
 2021 217 12 2
 2021 217 15 2
 2021 217 18 1
 2021 217 21 0
 2021 218 0 1
 2021 218 3 2
 2021 218 6 2
 2021 218 9 2
 2021 218 12 3
 2021 218 15 2
 2021 218 18 2
 2021 218 21 3
 2021 219 0 2
 2021 219 3 2
 2021 219 6 2
 2021 219 9 3
 2021 219 12 3
 2021 219 15 2
 2021 219 18 2
 2021 219 21 2
 2021 220 0 2
 2021 220 3 1
 2021 220 6 1
 2021 220 9 1
 2021 220 12 3
 2021 220 15 2
 2021 220 18 1
 2021 220 21 2
 2021 221 0 1
 2021 221 3 1
 2021 221 6 3
 2021 221 9 2
 2021 221 12 2
 2021 221 15 1
 2021 221 18 1
 2021 221 21 1
 2021 222 0 2
 2021 222 3 2
 2021 222 6 1
 2021 222 9 2
 2021 222 12 4
 2021 222 15 1
 2021 222 18 2
 2021 222 21 2
 2021 223 0 2
 2021 223 3 3
 2021 223 6 2
 2021 223 9 1
 2021 223 12 2
 2021 223 15 2
 2021 223 18 1
 2021 223 21 1
 2021 224 0 0
 2021 224 3 1
 2021 224 6 1
 2021 224 9 2
 2021 224 12 3
 2021 224 15 2
 2021 224 18 1
 2021 224 21 2
 2021 225 0 2
 2021 225 3 2
 2021 225 6 3
 2021 225 9 3
 2021 225 12 3
 2021 225 15 2
 2021 225 18 1
 2021 225 21 1
 2021 226 0 1
 2021 226 3 1
 2021 226 6 1
 2021 226 9 2
 2021 226 12 2
 2021 226 15 1
 2021 226 18 1
 2021 226 21 1
 2021 227 0 2
 2021 227 3 3
 2021 227 6 4
 2021 227 9 2
 2021 227 12 3
 2021 227 15 2
 2021 227 18 2
 2021 227 21 3
 2021 228 0 3
 2021 228 3 3
 2021 228 6 1
 2021 228 9 2
 2021 228 12 2
 2021 228 15 1
 2021 228 18 1
 2021 228 21 2
 2021 229 0 1
 2021 229 3 1
 2021 229 6 1
 2021 229 9 3
 2021 229 12 3
 2021 229 15 1
 2021 229 18 1
 2021 229 21 2
 2021 230 0 3
 2021 230 3 2
 2021 230 6 0
 2021 230 9 1
 2021 230 12 3
 2021 230 15 1
 2021 230 18 2
 2021 230 21 0
 2021 231 0 0
 2021 231 3 1
 2021 231 6 1
 2021 231 9 1
 2021 231 12 3
 2021 231 15 1
 2021 231 18 1
 2021 231 21 2
 2021 232 0 0
 2021 232 3 1
 2021 232 6 3
 2021 232 9 2
 2021 232 12 2
 2021 232 15 2
 2021 232 18 2
 2021 232 21 0
 2021 233 0 0
 2021 233 3 0
 2021 233 6 2
 2021 233 9 2
 2021 233 12 2
 2021 233 15 2
 2021 233 18 1
 2021 233 21 0
 2021 234 0 1
 2021 234 3 1
 2021 234 6 1
 2021 234 9 2
 2021 234 12 2
 2021 234 15 1
 2021 234 18 1
 2021 234 21 0
 2021 235 0 0
 2021 235 3 1
 2021 235 6 1
 2021 235 9 1
 2021 235 12 2
 2021 235 15 2
 2021 235 18 3
 2021 235 21 4
 2021 236 0 0
 2021 236 3 1
 2021 236 6 1
 2021 236 9 2
 2021 236 12 2
 2021 236 15 2
 2021 236 18 2
 2021 236 21 2
 2021 237 0 2
 2021 237 3 3
 2021 237 6 3
 2021 237 9 2
 2021 237 12 2
 2021 237 15 2
 2021 237 18 1
 2021 237 21 1
 2021 238 0 2
 2021 238 3 2
 2021 238 6 2
 2021 238 9 2
 2021 238 12 2
 2021 238 15 1
 2021 238 18 2
 2021 238 21 0
 2021 239 0 3
 2021 239 3 1
 2021 239 6 3
 2021 239 9 3
 2021 239 12 5
 2021 239 15 2
 2021 239 18 3
 2021 239 21 4
 2021 240 0 5
 2021 240 3 3
 2021 240 6 4
 2021 240 9 3
 2021 240 12 3
 2021 240 15 2
 2021 240 18 1
 2021 240 21 1
 2021 241 0 2
 2021 241 3 2
 2021 241 6 1
 2021 241 9 2
 2021 241 12 2
 2021 241 15 2
 2021 241 18 3
 2021 241 21 3
 2021 242 0 2
 2021 242 3 3
 2021 242 6 3
 2021 242 9 2
 2021 242 12 2
 2021 242 15 1
 2021 242 18 2
 2021 242 21 2
 2021 243 0 3
 2021 243 3 3
 2021 243 6 3
 2021 243 9 1
 2021 243 12 2
 2021 243 15 2
 2021 243 18 1
 2021 243 21 1
 2021 244 0 2
 2021 244 3 2
 2021 244 6 2
 2021 244 9 2
 2021 244 12 2
 2021 244 15 1
 2021 244 18 1
 2021 244 21 1
 2021 245 0 1
 2021 245 3 0
 2021 245 6 0
 2021 245 9 1
 2021 245 12 2
 2021 245 15 1
 2021 245 18 1
 2021 245 21 1
 2021 246 0 0
 2021 246 3 1
 2021 246 6 2
 2021 246 9 3
 2021 246 12 2
 2021 246 15 2
 2021 246 18 1
 2021 246 21 2
 2021 247 0 1
 2021 247 3 1
 2021 247 6 2
 2021 247 9 1
 2021 247 12 2
 2021 247 15 2
 2021 247 18 1
 2021 247 21 2
 2021 248 0 2
 2021 248 3 3
 2021 248 6 2
 2021 248 9 2
 2021 248 12 3
 2021 248 15 1
 2021 248 18 1
 2021 248 21 1
 2021 249 0 2
 2021 249 3 3
 2021 249 6 1
 2021 249 9 2
 2021 249 12 3
 2021 249 15 2
 2021 249 18 1
 2021 249 21 2
 2021 250 0 0
 2021 250 3 1
 2021 250 6 2
 2021 250 9 3
 2021 250 12 2
 2021 250 15 1
 2021 250 18 3
 2021 250 21 4
 2021 251 0 4
 2021 251 3 2
 2021 251 6 3
 2021 251 9 4
 2021 251 12 3
 2021 251 15 2
 2021 251 18 2
 2021 251 21 1
 2021 252 0 1
 2021 252 3 2
 2021 252 6 1
 2021 252 9 2
 2021 252 12 2
 2021 252 15 2
 2021 252 18 3
 2021 252 21 2
 2021 253 0 1
 2021 253 3 2
 2021 253 6 2
 2021 253 9 2
 2021 253 12 2
 2021 253 15 2
 2021 253 18 2
 2021 253 21 4
 2021 254 0 4
 2021 254 3 0
 2021 254 6 1
 2021 254 9 1
 2021 254 12 2
 2021 254 15 2
 2021 254 18 2
 2021 254 21 2
 2021 255 0 1
 2021 255 3 1
 2021 255 6 2
 2021 255 9 2
 2021 255 12 2
 2021 255 15 2
 2021 255 18 1
 2021 255 21 2
 2021 256 0 1
 2021 256 3 1
 2021 256 6 3
 2021 256 9 1
 2021 256 12 3
 2021 256 15 2
 2021 256 18 1
 2021 256 21 2
 2021 257 0 2
 2021 257 3 0
 2021 257 6 1
 2021 257 9 2
 2021 257 12 2
 2021 257 15 2
 2021 257 18 2
 2021 257 21 0
 2021 258 0 1
 2021 258 3 2
 2021 258 6 2
 2021 258 9 2
 2021 258 12 2
 2021 258 15 1
 2021 258 18 1
 2021 258 21 2
 2021 259 0 0
 2021 259 3 1
 2021 259 6 1
 2021 259 9 1
 2021 259 12 2
 2021 259 15 1
 2021 259 18 1
 2021 259 21 1
 2021 260 0 2
 2021 260 3 3
 2021 260 6 1
 2021 260 9 3
 2021 260 12 2
 2021 260 15 2
 2021 260 18 5
 2021 260 21 5
 2021 261 0 3
 2021 261 3 4
 2021 261 6 4
 2021 261 9 3
 2021 261 12 3
 2021 261 15 1
 2021 261 18 1
 2021 261 21 1
 2021 262 0 1
 2021 262 3 0
 2021 262 6 0
 2021 262 9 1
 2021 262 12 2
 2021 262 15 1
 2021 262 18 1
 2021 262 21 0
 2021 263 0 1
 2021 263 3 0
 2021 263 6 0
 2021 263 9 2
 2021 263 12 2
 2021 263 15 2
 2021 263 18 1
 2021 263 21 1
 2021 264 0 2
 2021 264 3 0
 2021 264 6 1
 2021 264 9 1
 2021 264 12 2
 2021 264 15 2
 2021 264 18 2
 2021 264 21 3
 2021 265 0 3
 2021 265 3 2
 2021 265 6 4
 2021 265 9 3
 2021 265 12 2
 2021 265 15 2
 2021 265 18 1
 2021 265 21 2
 2021 266 0 2
 2021 266 3 3
 2021 266 6 4
 2021 266 9 2
 2021 266 12 2
 2021 266 15 2
 2021 266 18 2
 2021 266 21 1
 2021 267 0 2
 2021 267 3 2
 2021 267 6 2
 2021 267 9 1
 2021 267 12 1
 2021 267 15 3
 2021 267 18 1
 2021 267 21 1
 2021 268 0 2
 2021 268 3 2
 2021 268 6 2
 2021 268 9 2
 2021 268 12 2
 2021 268 15 1
 2021 268 18 2
 2021 268 21 2
 2021 269 0 0
 2021 269 3 0
 2021 269 6 0
 2021 269 9 1
 2021 269 12 1
 2021 269 15 1
 2021 269 18 1
 2021 269 21 0
 2021 270 0 2
 2021 270 3 2
 2021 270 6 1
 2021 270 9 1
 2021 270 12 2
 2021 270 15 2
 2021 270 18 1
 2021 270 21 2
 2021 271 0 1
 2021 271 3 2
 2021 271 6 2
 2021 271 9 2
 2021 271 12 2
 2021 271 15 2
 2021 271 18 3
 2021 271 21 3
 2021 272 0 0
 2021 272 3 0
 2021 272 6 1
 2021 272 9 2
 2021 272 12 2
 2021 272 15 1
 2021 272 18 2
 2021 272 21 2
 2021 273 0 1
 2021 273 3 1
 2021 273 6 1
 2021 273 9 2
 2021 273 12 1
 2021 273 15 2
 2021 273 18 3
 2021 273 21 2
 2021 274 0 2
 2021 274 3 3
 2021 274 6 4
 2021 274 9 3
 2021 274 12 4
 2021 274 15 2
 2021 274 18 2
 2021 274 21 0
 2021 275 0 0
 2021 275 3 0
 2021 275 6 2
 2021 275 9 4
 2021 275 12 2
 2021 275 15 2
 2021 275 18 0
 2021 275 21 0
 2021 276 0 1
 2021 276 3 2
 2021 276 6 1
 2021 276 9 2
 2021 276 12 2
 2021 276 15 2
 2021 276 18 1
 2021 276 21 2
 2021 277 0 2
 2021 277 3 2
 2021 277 6 1
 2021 277 9 1
 2021 277 12 1
 2021 277 15 1
 2021 277 18 0
 2021 277 21 1
 2021 278 0 3
 2021 278 3 3
 2021 278 6 1
 2021 278 9 0
 2021 278 12 1
 2021 278 15 1
 2021 278 18 1
 2021 278 21 1
 2021 279 0 2
 2021 279 3 1
 2021 279 6 2
 2021 279 9 2
 2021 279 12 2
 2021 279 15 2
 2021 279 18 2
 2021 279 21 0
 2021 280 0 1
 2021 280 3 -1
 2021 280 6 -1
 2021 280 9 -1
 2021 280 12 -1
 2021 280 15 2
 2021 280 18 1
 2021 280 21 0
 2021 281 0 2
 2021 281 3 1
 2021 281 6 1
 2021 281 9 1
 2021 281 12 1
 2021 281 15 1
 2021 281 18 1
 2021 281 21 0
 2021 282 0 1
 2021 282 3 1
 2021 282 6 1
 2021 282 9 2
 2021 282 12 2
 2021 282 15 1
 2021 282 18 1
 2021 282 21 0
 2021 283 0 1
 2021 283 3 1
 2021 283 6 1
 2021 283 9 2
 2021 283 12 3
 2021 283 15 2
 2021 283 18 2
 2021 283 21 4
 2021 284 0 3
 2021 284 3 3
 2021 284 6 4
 2021 284 9 3
 2021 284 12 2
 2021 284 15 1
 2021 284 18 2
 2021 284 21 4
 2021 285 0 4
 2021 285 3 6
 2021 285 6 4
 2021 285 9 5
 2021 285 12 4
 2021 285 15 3
 2021 285 18 3
 2021 285 21 3
 2021 286 0 3
 2021 286 3 2
 2021 286 6 2
 2021 286 9 0
 2021 286 12 1
 2021 286 15 1
 2021 286 18 1
 2021 286 21 0
 2021 287 0 2
 2021 287 3 2
 2021 287 6 2
 2021 287 9 2
 2021 287 12 1
 2021 287 15 1
 2021 287 18 2
 2021 287 21 1
 2021 288 0 -1
 2021 288 3 2
 2021 288 6 2
 2021 288 9 2
 2021 288 12 0
 2021 288 15 1
 2021 288 18 0
 2021 288 21 2
 2021 289 0 -1
 2021 289 3 -1
 2021 289 6 -1
 2021 289 9 -1
 2021 289 12 -1
 2021 289 15 -1
 2021 289 18 1
 2021 289 21 1
 2021 290 0 -1
 2021 290 3 -1
 2021 290 6 -1
 2021 290 9 -1
 2021 290 12 -1
 2021 290 15 -1
 2021 290 18 -1
 2021 290 21 -1
 2021 291 0 -1
 2021 291 3 -1
 2021 291 6 -1
 2021 291 9 -1
 2021 291 12 -1
 2021 291 15 1
 2021 291 18 1
 2021 291 21 -1
 2021 292 0 2
 2021 292 3 2
 2021 292 6 2
 2021 292 9 1
 2021 292 12 2
 2021 292 15 3
 2021 292 18 3
 2021 292 21 2
 2021 293 0 1
 2021 293 3 2
 2021 293 6 1
 2021 293 9 1
 2021 293 12 2
 2021 293 15 2
 2021 293 18 1
 2021 293 21 2
 2021 294 0 1
 2021 294 3 3
 2021 294 6 2
 2021 294 9 2
 2021 294 12 2
 2021 294 15 2
 2021 294 18 3
 2021 294 21 2
 2021 295 0 1
 2021 295 3 0
 2021 295 6 0
 2021 295 9 1
 2021 295 12 2
 2021 295 15 1
 2021 295 18 1
 2021 295 21 1
 2021 296 0 1
 2021 296 3 0
 2021 296 6 0
 2021 296 9 0
 2021 296 12 1
 2021 296 15 1
 2021 296 18 1
 2021 296 21 1
 2021 297 0 0
 2021 297 3 1
 2021 297 6 1
 2021 297 9 0
 2021 297 12 1
 2021 297 15 2
 2021 297 18 1
 2021 297 21 0
 2021 298 0 0
 2021 298 3 1
 2021 298 6 1
 2021 298 9 1
 2021 298 12 2
 2021 298 15 2
 2021 298 18 1
 2021 298 21 1
 2021 299 0 1
 2021 299 3 1
 2021 299 6 0
 2021 299 9 1
 2021 299 12 1
 2021 299 15 1
 2021 299 18 0
 2021 299 21 2
 2021 300 0 1
 2021 300 3 0
 2021 300 6 0
 2021 300 9 1
 2021 300 12 1
 2021 300 15 1
 2021 300 18 1
 2021 300 21 0
 2021 301 0 0
 2021 301 3 1
 2021 301 6 0
 2021 301 9 0
 2021 301 12 1
 2021 301 15 3
 2021 301 18 0
 2021 301 21 0
 2021 302 0 0
 2021 302 3 0
 2021 302 6 0
 2021 302 9 1
 2021 302 12 1
 2021 302 15 1
 2021 302 18 1
 2021 302 21 1
 2021 303 0 2
 2021 303 3 2
 2021 303 6 2
 2021 303 9 0
 2021 303 12 1
 2021 303 15 2
 2021 303 18 2
 2021 303 21 4
 2021 304 0 3
 2021 304 3 3
 2021 304 6 4
 2021 304 9 2
 2021 304 12 4
 2021 304 15 2
 2021 304 18 3
 2021 304 21 3
 2021 305 0 2
 2021 305 3 2
 2021 305 6 1
 2021 305 9 1
 2021 305 12 1
 2021 305 15 2
 2021 305 18 3
 2021 305 21 3
 2021 306 0 4
 2021 306 3 4
 2021 306 6 2
 2021 306 9 3
 2021 306 12 2
 2021 306 15 1
 2021 306 18 2
 2021 306 21 1
 2021 307 0 2
 2021 307 3 0
 2021 307 6 1
 2021 307 9 0
 2021 307 12 1
 2021 307 15 1
 2021 307 18 3
 2021 307 21 6
 2021 308 0 6
 2021 308 3 3
 2021 308 6 6
 2021 308 9 6
 2021 308 12 5
 2021 308 15 3
 2021 308 18 2
 2021 308 21 2
 2021 309 0 1
 2021 309 3 3
 2021 309 6 2
 2021 309 9 1
 2021 309 12 3
 2021 309 15 3
 2021 309 18 2
 2021 309 21 2
 2021 310 0 4
 2021 310 3 3
 2021 310 6 2
 2021 310 9 3
 2021 310 12 2
 2021 310 15 3
 2021 310 18 2
 2021 310 21 2
 2021 311 0 3
 2021 311 3 1
 2021 311 6 0
 2021 311 9 1
 2021 311 12 1
 2021 311 15 1
 2021 311 18 1
 2021 311 21 0
 2021 312 0 0
 2021 312 3 0
 2021 312 6 0
 2021 312 9 0
 2021 312 12 2
 2021 312 15 1
 2021 312 18 2
 2021 312 21 2
 2021 313 0 2
 2021 313 3 2
 2021 313 6 2
 2021 313 9 0
 2021 313 12 1
 2021 313 15 2
 2021 313 18 2
 2021 313 21 2
 2021 314 0 2
 2021 314 3 2
 2021 314 6 2
 2021 314 9 1
 2021 314 12 2
 2021 314 15 1
 2021 314 18 1
 2021 314 21 1
 2021 315 0 0
 2021 315 3 0
 2021 315 6 0
 2021 315 9 1
 2021 315 12 2
 2021 315 15 2
 2021 315 18 1
 2021 315 21 0
 2021 316 0 2
 2021 316 3 2
 2021 316 6 1
 2021 316 9 0
 2021 316 12 1
 2021 316 15 1
 2021 316 18 1
 2021 316 21 0
 2021 317 0 0
 2021 317 3 0
 2021 317 6 0
 2021 317 9 0
 2021 317 12 1
 2021 317 15 0
 2021 317 18 0
 2021 317 21 0
 2021 318 0 1
 2021 318 3 0
 2021 318 6 0
 2021 318 9 0
 2021 318 12 1
 2021 318 15 1
 2021 318 18 0
 2021 318 21 1
 2021 319 0 0
 2021 319 3 0
 2021 319 6 0
 2021 319 9 0
 2021 319 12 2
 2021 319 15 2
 2021 319 18 3
 2021 319 21 3
 2021 320 0 4
 2021 320 3 3
 2021 320 6 2
 2021 320 9 2
 2021 320 12 1
 2021 320 15 2
 2021 320 18 2
 2021 320 21 3
 2021 321 0 3
 2021 321 3 2
 2021 321 6 3
 2021 321 9 3
 2021 321 12 1
 2021 321 15 2
 2021 321 18 1
 2021 321 21 2
 2021 322 0 1
 2021 322 3 2
 2021 322 6 1
 2021 322 9 1
 2021 322 12 1
 2021 322 15 1
 2021 322 18 0
 2021 322 21 1
 2021 323 0 1
 2021 323 3 0
 2021 323 6 1
 2021 323 9 0
 2021 323 12 2
 2021 323 15 1
 2021 323 18 1
 2021 323 21 1
 2021 324 0 1
 2021 324 3 1
 2021 324 6 2
 2021 324 9 2
 2021 324 12 2
 2021 324 15 3
 2021 324 18 2
 2021 324 21 2
 2021 325 0 3
 2021 325 3 2
 2021 325 6 1
 2021 325 9 2
 2021 325 12 2
 2021 325 15 2
 2021 325 18 2
 2021 325 21 2
 2021 326 0 3
 2021 326 3 3
 2021 326 6 0
 2021 326 9 1
 2021 326 12 1
 2021 326 15 2
 2021 326 18 2
 2021 326 21 1
 2021 327 0 1
 2021 327 3 2
 2021 327 6 1
 2021 327 9 3
 2021 327 12 1
 2021 327 15 2
 2021 327 18 2
 2021 327 21 2
 2021 328 0 1
 2021 328 3 1
 2021 328 6 1
 2021 328 9 1
 2021 328 12 1
 2021 328 15 1
 2021 328 18 1
 2021 328 21 0
 2021 329 0 1
 2021 329 3 1
 2021 329 6 1
 2021 329 9 1
 2021 329 12 1
 2021 329 15 1
 2021 329 18 1
 2021 329 21 0
 2021 330 0 0
 2021 330 3 1
 2021 330 6 1
 2021 330 9 0
 2021 330 12 1
 2021 330 15 2
 2021 330 18 1
 2021 330 21 1
 2021 331 0 0
 2021 331 3 0
 2021 331 6 1
 2021 331 9 0
 2021 331 12 1
 2021 331 15 1
 2021 331 18 1
 2021 331 21 3
 2021 332 0 2
 2021 332 3 3
 2021 332 6 2
 2021 332 9 1
 2021 332 12 1
 2021 332 15 1
 2021 332 18 2
 2021 332 21 2
 2021 333 0 3
 2021 333 3 3
 2021 333 6 1
 2021 333 9 1
 2021 333 12 1
 2021 333 15 1
 2021 333 18 1
 2021 333 21 0
 2021 334 0 0
 2021 334 3 0
 2021 334 6 1
 2021 334 9 0
 2021 334 12 0
 2021 334 15 2
 2021 334 18 2
 2021 334 21 5
 2021 335 0 4
 2021 335 3 3
 2021 335 6 3
 2021 335 9 2
 2021 335 12 2
 2021 335 15 3
 2021 335 18 2
 2021 335 21 3
 2021 336 0 2
 2021 336 3 1
 2021 336 6 3
 2021 336 9 1
 2021 336 12 2
 2021 336 15 2
 2021 336 18 2
 2021 336 21 2
 2021 337 0 0
 2021 337 3 0
 2021 337 6 1
 2021 337 9 2
 2021 337 12 2
 2021 337 15 2
 2021 337 18 2
 2021 337 21 1
 2021 338 0 3
 2021 338 3 2
 2021 338 6 3
 2021 338 9 1
 2021 338 12 2
 2021 338 15 1
 2021 338 18 1
 2021 338 21 1
 2021 339 0 2
 2021 339 3 2
 2021 339 6 1
 2021 339 9 1
 2021 339 12 1
 2021 339 15 2
 2021 339 18 2
 2021 339 21 2
 2021 340 0 1
 2021 340 3 0
 2021 340 6 2
 2021 340 9 2
 2021 340 12 2
 2021 340 15 3
 2021 340 18 2
 2021 340 21 1
 2021 341 0 2
 2021 341 3 1
 2021 341 6 0
 2021 341 9 0
 2021 341 12 1
 2021 341 15 2
 2021 341 18 1
 2021 341 21 1
 2021 342 0 1
 2021 342 3 1
 2021 342 6 2
 2021 342 9 2
 2021 342 12 1
 2021 342 15 2
 2021 342 18 0
 2021 342 21 0
 2021 343 0 0
 2021 343 3 1
 2021 343 6 0
 2021 343 9 0
 2021 343 12 1
 2021 343 15 1
 2021 343 18 1
 2021 343 21 0
 2021 344 0 0
 2021 344 3 1
 2021 344 6 0
 2021 344 9 1
 2021 344 12 1
 2021 344 15 1
 2021 344 18 1
 2021 344 21 1
 2021 345 0 1
 2021 345 3 2
 2021 345 6 1
 2021 345 9 0
 2021 345 12 0
 2021 345 15 1
 2021 345 18 1
 2021 345 21 1
 2021 346 0 0
 2021 346 3 2
 2021 346 6 0
 2021 346 9 0
 2021 346 12 1
 2021 346 15 1
 2021 346 18 1
 2021 346 21 0
 2021 347 0 1
 2021 347 3 2
 2021 347 6 3
 2021 347 9 2
 2021 347 12 1
 2021 347 15 1
 2021 347 18 1
 2021 347 21 1
 2021 348 0 1
 2021 348 3 1
 2021 348 6 2
 2021 348 9 1
 2021 348 12 2
 2021 348 15 1
 2021 348 18 1
 2021 348 21 1
 2021 349 0 1
 2021 349 3 2
 2021 349 6 2
 2021 349 9 3
 2021 349 12 2
 2021 349 15 2
 2021 349 18 2
 2021 349 21 2
 2021 350 0 1
 2021 350 3 2
 2021 350 6 2
 2021 350 9 2
 2021 350 12 1
 2021 350 15 1
 2021 350 18 1
 2021 350 21 1
 2021 351 0 1
 2021 351 3 1
 2021 351 6 0
 2021 351 9 0
 2021 351 12 1
 2021 351 15 1
 2021 351 18 1
 2021 351 21 0
 2021 352 0 0
 2021 352 3 1
 2021 352 6 0
 2021 352 9 0
 2021 352 12 1
 2021 352 15 1
 2021 352 18 1
 2021 352 21 1
 2021 353 0 0
 2021 353 3 0
 2021 353 6 0
 2021 353 9 0
 2021 353 12 2
 2021 353 15 3
 2021 353 18 3
 2021 353 21 4
 2021 354 0 4
 2021 354 3 2
 2021 354 6 2
 2021 354 9 4
 2021 354 12 3
 2021 354 15 2
 2021 354 18 2
 2021 354 21 2
 2021 355 0 3
 2021 355 3 1
 2021 355 6 2
 2021 355 9 2
 2021 355 12 2
 2021 355 15 2
 2021 355 18 2
 2021 355 21 1
 2021 356 0 2
 2021 356 3 2
 2021 356 6 2
 2021 356 9 1
 2021 356 12 3
 2021 356 15 3
 2021 356 18 2
 2021 356 21 0
 2021 357 0 1
 2021 357 3 1
 2021 357 6 0
 2021 357 9 0
 2021 357 12 1
 2021 357 15 1
 2021 357 18 1
 2021 357 21 1
 2021 358 0 1
 2021 358 3 0
 2021 358 6 1
 2021 358 9 1
 2021 358 12 1
 2021 358 15 2
 2021 358 18 1
 2021 358 21 1
 2021 359 0 1
 2021 359 3 1
 2021 359 6 2
 2021 359 9 2
 2021 359 12 2
 2021 359 15 2
 2021 359 18 2
 2021 359 21 0
 2021 360 0 0
 2021 360 3 0
 2021 360 6 0
 2021 360 9 1
 2021 360 12 1
 2021 360 15 1
 2021 360 18 1
 2021 360 21 1
 2021 361 0 1
 2021 361 3 1
 2021 361 6 2
 2021 361 9 2
 2021 361 12 3
 2021 361 15 3
 2021 361 18 2
 2021 361 21 1
 2021 362 0 1
 2021 362 3 2
 2021 362 6 3
 2021 362 9 2
 2021 362 12 1
 2021 362 15 2
 2021 362 18 1
 2021 362 21 1
 2021 363 0 1
 2021 363 3 2
 2021 363 6 0
 2021 363 9 1
 2021 363 12 2
 2021 363 15 2
 2021 363 18 2
 2021 363 21 2
 2021 364 0 3
 2021 364 3 1
 2021 364 6 1
 2021 364 9 3
 2021 364 12 2
 2021 364 15 1
 2021 364 18 1
 2021 364 21 1
 2021 365 0 0
 2021 365 3 0
 2021 365 6 1
 2021 365 9 1
 2021 365 12 1
 2021 365 15 1
 2021 365 18 1
 2021 365 21 1
 2022 1 0 2
 2022 1 3 3
 2022 1 6 3
 2022 1 9 2
 2022 1 12 1
 2022 1 15 2
 2022 1 18 2
 2022 1 21 2
 2022 2 0 2
 2022 2 3 1
 2022 2 6 1
 2022 2 9 2
 2022 2 12 1
 2022 2 15 2
 2022 2 18 2
 2022 2 21 3
 2022 3 0 1
 2022 3 3 3
 2022 3 6 3
 2022 3 9 3
 2022 3 12 2
 2022 3 15 2
 2022 3 18 1
 2022 3 21 1
 2022 4 0 2
 2022 4 3 2
 2022 4 6 1
 2022 4 9 2
 2022 4 12 1
 2022 4 15 2
 2022 4 18 1
 2022 4 21 0
 2022 5 0 0
 2022 5 3 2
 2022 5 6 0
 2022 5 9 1
 2022 5 12 1
 2022 5 15 2
 2022 5 18 1
 2022 5 21 0
 2022 6 0 0
 2022 6 3 1
 2022 6 6 0
 2022 6 9 0
 2022 6 12 1
 2022 6 15 2
 2022 6 18 1
 2022 6 21 0
 2022 7 0 0
 2022 7 3 0
 2022 7 6 0
 2022 7 9 0
 2022 7 12 1
 2022 7 15 2
 2022 7 18 0
 2022 7 21 0
 2022 8 0 0
 2022 8 3 0
 2022 8 6 1
 2022 8 9 1
 2022 8 12 2
 2022 8 15 2
 2022 8 18 4
 2022 8 21 4
 2022 9 0 2
 2022 9 3 2
 2022 9 6 2
 2022 9 9 1
 2022 9 12 2
 2022 9 15 2
 2022 9 18 2
 2022 9 21 2
 2022 10 0 3
 2022 10 3 2
 2022 10 6 0
 2022 10 9 0
 2022 10 12 1
 2022 10 15 1
 2022 10 18 1
 2022 10 21 1
 2022 11 0 1
 2022 11 3 1
 2022 11 6 1
 2022 11 9 1
 2022 11 12 1
 2022 11 15 2
 2022 11 18 1
 2022 11 21 0
 2022 12 0 0
 2022 12 3 1
 2022 12 6 0
 2022 12 9 0
 2022 12 12 2
 2022 12 15 2
 2022 12 18 2
 2022 12 21 1
 2022 13 0 0
 2022 13 3 0
 2022 13 6 0
 2022 13 9 1
 2022 13 12 1
 2022 13 15 2
 2022 13 18 2
 2022 13 21 1
 2022 14 0 0
 2022 14 3 0
 2022 14 6 1
 2022 14 9 1
 2022 14 12 2
 2022 14 15 3
 2022 14 18 2
 2022 14 21 5
 2022 15 0 4
 2022 15 3 4
 2022 15 6 2
 2022 15 9 1
 2022 15 12 3
 2022 15 15 3
 2022 15 18 3
 2022 15 21 4
 2022 16 0 4
 2022 16 3 4
 2022 16 6 2
 2022 16 9 1
 2022 16 12 3
 2022 16 15 3
 2022 16 18 3
 2022 16 21 3
 2022 17 0 3
 2022 17 3 0
 2022 17 6 1
 2022 17 9 2
 2022 17 12 2
 2022 17 15 2
 2022 17 18 1
 2022 17 21 2
 2022 18 0 4
 2022 18 3 3
 2022 18 6 2
 2022 18 9 2
 2022 18 12 2
 2022 18 15 3
 2022 18 18 2
 2022 18 21 2
 2022 19 0 5
 2022 19 3 3
 2022 19 6 4
 2022 19 9 2
 2022 19 12 2
 2022 19 15 2
 2022 19 18 1
 2022 19 21 1
 2022 20 0 4
 2022 20 3 0
 2022 20 6 0
 2022 20 9 0
 2022 20 12 1
 2022 20 15 1
 2022 20 18 2
 2022 20 21 1
 2022 21 0 0
 2022 21 3 0
 2022 21 6 0
 2022 21 9 1
 2022 21 12 2
 2022 21 15 2
 2022 21 18 2
 2022 21 21 3
 2022 22 0 2
 2022 22 3 3
 2022 22 6 2
 2022 22 9 1
 2022 22 12 2
 2022 22 15 1
 2022 22 18 1
 2022 22 21 2
 2022 23 0 2
 2022 23 3 3
 2022 23 6 2
 2022 23 9 2
 2022 23 12 1
 2022 23 15 2
 2022 23 18 2
 2022 23 21 1
 2022 24 0 0
 2022 24 3 0
 2022 24 6 0
 2022 24 9 1
 2022 24 12 2
 2022 24 15 2
 2022 24 18 1
 2022 24 21 1
 2022 25 0 2
 2022 25 3 2
 2022 25 6 2
 2022 25 9 3
 2022 25 12 3
 2022 25 15 3
 2022 25 18 2
 2022 25 21 2
 2022 26 0 2
 2022 26 3 2
 2022 26 6 2
 2022 26 9 3
 2022 26 12 1
 2022 26 15 2
 2022 26 18 2
 2022 26 21 2
 2022 27 0 1
 2022 27 3 1
 2022 27 6 1
 2022 27 9 1
 2022 27 12 2
 2022 27 15 2
 2022 27 18 2
 2022 27 21 2
 2022 28 0 1
 2022 28 3 2
 2022 28 6 2
 2022 28 9 1
 2022 28 12 1
 2022 28 15 2
 2022 28 18 2
 2022 28 21 3
 2022 29 0 3
 2022 29 3 4
 2022 29 6 3
 2022 29 9 3
 2022 29 12 4
 2022 29 15 2
 2022 29 18 1
 2022 29 21 1
 2022 30 0 2
 2022 30 3 3
 2022 30 6 3
 2022 30 9 1
 2022 30 12 2
 2022 30 15 2
 2022 30 18 1
 2022 30 21 2
 2022 31 0 2
 2022 31 3 3
 2022 31 6 2
 2022 31 9 3
 2022 31 12 2
 2022 31 15 2
 2022 31 18 1
 2022 31 21 1
 2022 32 0 1
 2022 32 3 2
 2022 32 6 0
 2022 32 9 1
 2022 32 12 1
 2022 32 15 1
 2022 32 18 1
 2022 32 21 3
 2022 33 0 3
 2022 33 3 3
 2022 33 6 1
 2022 33 9 0
 2022 33 12 2
 2022 33 15 4
 2022 33 18 1
 2022 33 21 1
 2022 34 0 2
 2022 34 3 4
 2022 34 6 5
 2022 34 9 4
 2022 34 12 3
 2022 34 15 2
 2022 34 18 2
 2022 34 21 2
 2022 35 0 4
 2022 35 3 3
 2022 35 6 3
 2022 35 9 3
 2022 35 12 3
 2022 35 15 4
 2022 35 18 3
 2022 35 21 3
 2022 36 0 3
 2022 36 3 3
 2022 36 6 1
 2022 36 9 3
 2022 36 12 2
 2022 36 15 2
 2022 36 18 2
 2022 36 21 2
 2022 37 0 3
 2022 37 3 3
 2022 37 6 3
 2022 37 9 3
 2022 37 12 3
 2022 37 15 2
 2022 37 18 2
 2022 37 21 2
 2022 38 0 1
 2022 38 3 1
 2022 38 6 0
 2022 38 9 2
 2022 38 12 1
 2022 38 15 2
 2022 38 18 2
 2022 38 21 1
 2022 39 0 1
 2022 39 3 0
 2022 39 6 1
 2022 39 9 1
 2022 39 12 1
 2022 39 15 1
 2022 39 18 1
 2022 39 21 1
 2022 40 0 0
 2022 40 3 0
 2022 40 6 0
 2022 40 9 1
 2022 40 12 1
 2022 40 15 1
 2022 40 18 1
 2022 40 21 2
 2022 41 0 1
 2022 41 3 2
 2022 41 6 1
 2022 41 9 2
 2022 41 12 3
 2022 41 15 4
 2022 41 18 3
 2022 41 21 3
 2022 42 0 4
 2022 42 3 2
 2022 42 6 2
 2022 42 9 3
 2022 42 12 1
 2022 42 15 2
 2022 42 18 3
 2022 42 21 3
 2022 43 0 3
 2022 43 3 3
 2022 43 6 2
 2022 43 9 1
 2022 43 12 2
 2022 43 15 3
 2022 43 18 2
 2022 43 21 2
 2022 44 0 3
 2022 44 3 2
 2022 44 6 2
 2022 44 9 2
 2022 44 12 3
 2022 44 15 2
 2022 44 18 2
 2022 44 21 2
 2022 45 0 2
 2022 45 3 2
 2022 45 6 2
 2022 45 9 2
 2022 45 12 2
 2022 45 15 2
 2022 45 18 1
 2022 45 21 0
 2022 46 0 1
 2022 46 3 2
 2022 46 6 1
 2022 46 9 0
 2022 46 12 1
 2022 46 15 0
 2022 46 18 1
 2022 46 21 1
 2022 47 0 0
 2022 47 3 2
 2022 47 6 2
 2022 47 9 1
 2022 47 12 3
 2022 47 15 1
 2022 47 18 2
 2022 47 21 2
 2022 48 0 2
 2022 48 3 1
 2022 48 6 1
 2022 48 9 0
 2022 48 12 1
 2022 48 15 2
 2022 48 18 1
 2022 48 21 1
 2022 49 0 0
 2022 49 3 0
 2022 49 6 2
 2022 49 9 1
 2022 49 12 2
 2022 49 15 2
 2022 49 18 2
 2022 49 21 2
 2022 50 0 2
 2022 50 3 2
 2022 50 6 2
 2022 50 9 1
 2022 50 12 2
 2022 50 15 2
 2022 50 18 1
 2022 50 21 2
 2022 51 0 3
 2022 51 3 3
 2022 51 6 1
 2022 51 9 1
 2022 51 12 1
 2022 51 15 3
 2022 51 18 2
 2022 51 21 1
 2022 52 0 1
 2022 52 3 1
 2022 52 6 2
 2022 52 9 2
 2022 52 12 4
 2022 52 15 3
 2022 52 18 2
 2022 52 21 3
 2022 53 0 3
 2022 53 3 4
 2022 53 6 4
 2022 53 9 3
 2022 53 12 2
 2022 53 15 1
 2022 53 18 2
 2022 53 21 1
 2022 54 0 0
 2022 54 3 0
 2022 54 6 2
 2022 54 9 1
 2022 54 12 2
 2022 54 15 1
 2022 54 18 1
 2022 54 21 2
 2022 55 0 2
 2022 55 3 3
 2022 55 6 2
 2022 55 9 1
 2022 55 12 1
 2022 55 15 2
 2022 55 18 1
 2022 55 21 1
 2022 56 0 1
 2022 56 3 2
 2022 56 6 3
 2022 56 9 3
 2022 56 12 3
 2022 56 15 0
 2022 56 18 0
 2022 56 21 1
 2022 57 0 1
 2022 57 3 0
 2022 57 6 1
 2022 57 9 0
 2022 57 12 0
 2022 57 15 1
 2022 57 18 0
 2022 57 21 0
 2022 58 0 2
 2022 58 3 2
 2022 58 6 4
 2022 58 9 3
 2022 58 12 3
 2022 58 15 2
 2022 58 18 2
 2022 58 21 1
 2022 59 0 1
 2022 59 3 2
 2022 59 6 1
 2022 59 9 2
 2022 59 12 2
 2022 59 15 1
 2022 59 18 2
 2022 59 21 1
 2022 60 0 1
 2022 60 3 1
 2022 60 6 2
 2022 60 9 2
 2022 60 12 3
 2022 60 15 1
 2022 60 18 2
 2022 60 21 1
 2022 61 0 0
 2022 61 3 1
 2022 61 6 1
 2022 61 9 2
 2022 61 12 1
 2022 61 15 1
 2022 61 18 1
 2022 61 21 1
 2022 62 0 0
 2022 62 3 0
 2022 62 6 0
 2022 62 9 1
 2022 62 12 2
 2022 62 15 1
 2022 62 18 2
 2022 62 21 2
 2022 63 0 3
 2022 63 3 2
 2022 63 6 2
 2022 63 9 1
 2022 63 12 2
 2022 63 15 1
 2022 63 18 2
 2022 63 21 2
 2022 64 0 3
 2022 64 3 2
 2022 64 6 2
 2022 64 9 4
 2022 64 12 4
 2022 64 15 4
 2022 64 18 3
 2022 64 21 4
 2022 65 0 4
 2022 65 3 2
 2022 65 6 4
 2022 65 9 2
 2022 65 12 3
 2022 65 15 1
 2022 65 18 2
 2022 65 21 2
 2022 66 0 2
 2022 66 3 2
 2022 66 6 1
 2022 66 9 2
 2022 66 12 3
 2022 66 15 2
 2022 66 18 1
 2022 66 21 1
 2022 67 0 2
 2022 67 3 2
 2022 67 6 0
 2022 67 9 1
 2022 67 12 1
 2022 67 15 2
 2022 67 18 1
 2022 67 21 2
 2022 68 0 2
 2022 68 3 0
 2022 68 6 1
 2022 68 9 1
 2022 68 12 2
 2022 68 15 1
 2022 68 18 0
 2022 68 21 2
 2022 69 0 1
 2022 69 3 1
 2022 69 6 1
 2022 69 9 2
 2022 69 12 2
 2022 69 15 2
 2022 69 18 3
 2022 69 21 2
 2022 70 0 4
 2022 70 3 3
 2022 70 6 4
 2022 70 9 2
 2022 70 12 3
 2022 70 15 2
 2022 70 18 2
 2022 70 21 3
 2022 71 0 3
 2022 71 3 3
 2022 71 6 2
 2022 71 9 1
 2022 71 12 1
 2022 71 15 1
 2022 71 18 1
 2022 71 21 1
 2022 72 0 1
 2022 72 3 1
 2022 72 6 0
 2022 72 9 4
 2022 72 12 5
 2022 72 15 4
 2022 72 18 5
 2022 72 21 6
 2022 73 0 5
 2022 73 3 3
 2022 73 6 2
 2022 73 9 2
 2022 73 12 3
 2022 73 15 2
 2022 73 18 1
 2022 73 21 1
 2022 74 0 1
 2022 74 3 2
 2022 74 6 1
 2022 74 9 1
 2022 74 12 2
 2022 74 15 2
 2022 74 18 1
 2022 74 21 2
 2022 75 0 1
 2022 75 3 0
 2022 75 6 0
 2022 75 9 1
 2022 75 12 2
 2022 75 15 1
 2022 75 18 1
 2022 75 21 2
 2022 76 0 2
 2022 76 3 2
 2022 76 6 2
 2022 76 9 2
 2022 76 12 2
 2022 76 15 2
 2022 76 18 1
 2022 76 21 0
 2022 77 0 1
 2022 77 3 0
 2022 77 6 0
 2022 77 9 1
 2022 77 12 2
 2022 77 15 2
 2022 77 18 1
 2022 77 21 1
 2022 78 0 1
 2022 78 3 0
 2022 78 6 2
 2022 78 9 2
 2022 78 12 2
 2022 78 15 2
 2022 78 18 2
 2022 78 21 2
 2022 79 0 3
 2022 79 3 3
 2022 79 6 3
 2022 79 9 2
 2022 79 12 2
 2022 79 15 2
 2022 79 18 1
 2022 79 21 3
 2022 80 0 1
 2022 80 3 0
 2022 80 6 0
 2022 80 9 1
 2022 80 12 2
 2022 80 15 3
 2022 80 18 1
 2022 80 21 1
 2022 81 0 2
 2022 81 3 2
 2022 81 6 1
 2022 81 9 1
 2022 81 12 2
 2022 81 15 2
 2022 81 18 3
 2022 81 21 2
 2022 82 0 2
 2022 82 3 1
 2022 82 6 2
 2022 82 9 2
 2022 82 12 2
 2022 82 15 2
 2022 82 18 2
 2022 82 21 1
 2022 83 0 3
 2022 83 3 1
 2022 83 6 1
 2022 83 9 2
 2022 83 12 2
 2022 83 15 2
 2022 83 18 1
 2022 83 21 2
 2022 84 0 3
 2022 84 3 3
 2022 84 6 2
 2022 84 9 3
 2022 84 12 2
 2022 84 15 2
 2022 84 18 2
 2022 84 21 1
 2022 85 0 2
 2022 85 3 0
 2022 85 6 1
 2022 85 9 3
 2022 85 12 2
 2022 85 15 3
 2022 85 18 2
 2022 85 21 1
 2022 86 0 1
 2022 86 3 2
 2022 86 6 2
 2022 86 9 3
 2022 86 12 3
 2022 86 15 4
 2022 86 18 4
 2022 86 21 3
 2022 87 0 4
 2022 87 3 4
 2022 87 6 1
 2022 87 9 2
 2022 87 12 2
 2022 87 15 1
 2022 87 18 1
 2022 87 21 1
 2022 88 0 1
 2022 88 3 2
 2022 88 6 2
 2022 88 9 2
 2022 88 12 2
 2022 88 15 1
 2022 88 18 2
 2022 88 21 2
 2022 89 0 1
 2022 89 3 1
 2022 89 6 0
 2022 89 9 2
 2022 89 12 2
 2022 89 15 3
 2022 89 18 2
 2022 89 21 3
 2022 90 0 4
 2022 90 3 4
 2022 90 6 3
 2022 90 9 3
 2022 90 12 4
 2022 90 15 3
 2022 90 18 2
 2022 90 21 2
